Timestamp	
1.395	40.062982	-83.037189	90.65	16.574444	
1.595	40.062981	-83.037071	90.93	16.586718	
1.839	40.062981	-83.037071	90.93	16.586718	
2.099	40.06298	-83.036993	90.94	16.600093	
2.346	40.06298	-83.036993	90.94	16.600093	
2.607	40.062979	-83.036915	90.61	16.793333	
2.843	40.062979	-83.036915	90.61	16.793333	
3.101	40.062977	-83.036794	90.8	17.161944	
3.362	40.062977	-83.036794	90.8	17.161944	
3.616	40.062976	-83.03667	90.46	17.498828	
3.862	40.062976	-83.03667	90.46	17.498828	
4.098	40.062976	-83.036588	89.98	17.594722	
4.346	40.062976	-83.036588	89.98	17.594722	
4.59	40.062975	-83.036503	90.4	17.936106	
4.847	40.062975	-83.036418	90.56	18.031278	
5.089	40.062975	-83.036418	90.56	18.031111	
5.35	40.062975	-83.036418	90.56	18.031111	
5.591	40.062975	-83.03629	90.0	18.210819	
5.849	40.062974	-83.036202	90.31	18.655299	
6.098	40.062974	-83.036202	90.31	18.655299	
6.347	40.062974	-83.036113	90.14	19.014896	
6.59	40.062973	-83.036021	90.01	19.439827	
6.863	40.062973	-83.036021	90.01	19.439827	
7.109	40.062973	-83.035929	89.96	19.685833	
7.37	40.062973	-83.035929	89.96	19.685833	
7.606	40.062973	-83.035789	90.1	19.932222	
7.863	40.062973	-83.035789	90.1	19.932222	
8.115	40.062973	-83.035789	90.1	19.932222	
8.362	40.062972	-83.035647	90.07	20.209436	
8.615	40.062972	-83.035551	89.88	20.484149	
8.865	40.062972	-83.035551	89.88	20.484149	
9.116	40.062972	-83.035454	90.21	20.639722	
9.363	40.062972	-83.035454	90.21	20.639722	
9.606	40.062971	-83.035308	90.73	20.790243	
9.862	40.062971	-83.035308	90.73	20.790243	
10.111	40.06297	-83.03521	90.87	20.961553	
10.364	40.06297	-83.03521	90.87	20.961553	
10.607	40.062968	-83.035111	91.31	21.171111	
10.873	40.062968	-83.035111	91.31	21.171111	
11.106	40.062962	-83.03496	93.75	21.508408	
11.38	40.062962	-83.03496	93.75	21.508408	
11.622	40.062954	-83.034859	95.38	21.693889	
11.845	40.062954	-83.034859	95.38	21.693889	
12.108	40.06294	-83.034706	97.66	21.799583	
12.364	40.062934	-83.034656	98.48	21.772832	
12.607	40.06292	-83.034555	99.32	21.728076	
12.864	40.06292	-83.034555	99.32	21.728076	
13.107	40.062906	-83.034455	100.83	21.624167	
13.361	40.062906	-83.034455	100.83	21.624167	
13.616	40.062879	-83.034306	103.51	21.653481	
13.862	40.062879	-83.034306	103.51	21.653481	
14.107	40.06286	-83.034208	104.12	21.626216	
14.365	40.06286	-83.034208	104.12	21.626389	
14.607	40.06283	-83.034061	105.41	21.620042	
14.88	40.06283	-83.034061	105.41	21.620042	
15.118	40.062808	-83.033964	106.78	21.700833	
15.392	40.062808	-83.033964	106.78	21.700833	
15.607	40.062783	-83.033867	108.62	21.993333	
15.863	40.062783	-83.033867	108.62	21.993333	
16.104	40.062742	-83.033721	110.79	22.281618	
16.362	40.062742	-83.033721	110.79	22.281618	
16.608	40.062712	-83.033624	112.19	22.440067	
16.865	40.06268	-83.033526	113.54	22.641729	
17.117	40.06268	-83.033526	113.54	22.641729	
17.363	40.062646	-83.03343	115.04	22.813039	
17.606	40.062609	-83.033333	116.53	23.04814	
17.865	40.062609	-83.033333	116.53	23.04814	
18.106	40.06257	-83.033237	118.08	23.286944	
18.364	40.06257	-83.033237	118.08	23.286944	
18.607	40.062508	-83.033093	120.3	23.503938	
18.863	40.062508	-83.033093	120.3	23.503889	
19.106	40.062508	-83.033093	120.3	23.503889	
19.362	40.06244	-83.032953	122.79	23.675248	
19.616	40.062392	-83.03286	124.16	23.797686	
19.93	40.062392	-83.03286	124.16	23.797686	
20.123	40.062342	-83.032769	125.67	23.876667	
20.361	40.062342	-83.032769	125.67	23.876667	
20.615	40.062265	-83.032634	127.02	24.042047	
20.887	40.062265	-83.032634	127.02	24.042047	
21.115	40.062211	-83.032546	128.31	24.163456	
21.365	40.062211	-83.032546	128.31	24.163456	
21.62	40.062155	-83.032459	129.93	24.282292	
21.862	40.062096	-83.032373	131.67	24.493729	
22.115	40.062096	-83.032373	131.67	24.493729	
22.364	40.062036	-83.032289	132.93	24.585814	
22.615	40.061974	-83.032207	134.43	24.711853	
22.865	40.061974	-83.032207	134.43	24.711667	
23.116	40.061974	-83.032207	134.43	24.711667	
23.36	40.061878	-83.032085	136.08	24.925348	
23.614	40.061812	-83.032005	137.32	25.01589	
23.861	40.061812	-83.032005	137.32	25.01589	
24.116	40.061744	-83.031927	138.37	25.128553	
24.365	40.061744	-83.031927	138.37	25.128611	
24.607	40.061744	-83.031927	138.37	25.128611	
24.86	40.061638	-83.031815	141.62	25.362111	
25.106	40.061563	-83.031744	144.05	25.5675	
25.362	40.061563	-83.031744	144.05	25.5675	
25.626	40.061486	-83.031677	145.99	25.712778	
25.862	40.061486	-83.031677	145.99	25.712778	
26.108	40.061367	-83.03158	148.33	26.047222	
26.361	40.061367	-83.03158	148.33	26.047222	
26.607	40.061244	-83.031489	151.03	26.281938	
26.862	40.061244	-83.031489	151.03	26.281938	
27.12	40.061159	-83.031432	152.84	26.434213	
27.365	40.061159	-83.031432	152.84	26.434213	
27.616	40.061073	-83.031378	154.83	26.449444	
27.864	40.061073	-83.031378	154.83	26.449444	
28.122	40.060941	-83.031305	157.73	26.3875	
28.365	40.060897	-83.031283	158.7	26.417237	
28.615	40.060807	-83.031241	158.7	26.417222	
28.915	40.060762	-83.031221	161.19	26.37248	
29.118	40.060762	-83.031221	161.19	26.37248	
29.365	40.060671	-83.031184	162.61	26.321036	
29.605	40.060671	-83.031184	162.61	26.321111	
29.865	40.060534	-83.031134	164.91	26.292227	
30.107	40.060488	-83.031119	165.59	26.318978	
30.366	40.060488	-83.031119	165.59	26.318978	
30.618	40.060395	-83.031091	166.96	26.253333	
30.849	40.060395	-83.031091	166.96	26.253333	
31.118	40.060256	-83.031052	167.93	26.217632	
31.363	40.060256	-83.031052	167.93	26.217778	
31.618	40.060117	-83.031015	168.89	26.342642	
31.864	40.060117	-83.031015	168.89	26.342642	
32.117	40.060023	-83.030992	169.08	26.509322	
32.363	40.060023	-83.030992	169.08	26.509322	
32.617	40.059881	-83.030957	169.6	26.716129	
32.864	40.059881	-83.030957	169.6	26.716389	
33.144	40.059881	-83.030957	169.6	26.716389	
33.365	40.059737	-83.030925	170.15	27.089101	
33.617	40.059639	-83.030904	170.65	27.478536	
33.864	40.059639	-83.030904	170.65	27.478536	
34.108	40.05954	-83.030884	171.03	27.861111	
34.365	40.05954	-83.030884	171.03	27.861111	
34.606	40.059389	-83.030855	171.71	28.404536	
34.865	40.059389	-83.030855	171.71	28.404444	
35.119	40.059389	-83.030855	171.71	28.404444	
35.367	40.059235	-83.030828	172.55	28.957563	
35.599	40.059235	-83.030828	172.55	28.9575	
35.864	40.059078	-83.030804	173.49	29.418506	
36.117	40.059078	-83.030804	173.49	29.418506	
36.363	40.058971	-83.030789	174.3	29.726658	
36.621	40.058865	-83.030778	175.58	29.640231	
36.863	40.058865	-83.030778	175.58	29.640278	
37.114	40.058759	-83.03077	175.58	29.640278	
37.38	40.058706	-83.030767	177.33	29.445257	
37.601	40.0586	-83.030763	178.13	29.272918	
37.861	40.0586	-83.030763	178.13	29.272918	
38.149	40.058495	-83.030759	178.65	29.108611	
38.362	40.058495	-83.030759	178.65	29.108611	
38.616	40.058339	-83.030758	180.2	28.828438	
38.861	40.058339	-83.030758	180.2	28.828438	
39.115	40.058236	-83.03076	180.95	28.748184	
39.375	40.058236	-83.03076	180.95	28.748184	
39.616	40.058131	-83.030764	181.58	29.114167	
39.863	40.058131	-83.030764	181.58	29.114167	
40.117	40.057972	-83.030771	181.95	29.701944	
40.368	40.057972	-83.030771	181.95	29.701944	
40.615	40.057864	-83.030776	182.02	30.120722	
40.863	40.057754	-83.030781	181.9	30.513758	
41.115	40.057754	-83.030781	181.9	30.513889	
41.362	40.057754	-83.030781	181.9	30.513889	
41.614	40.057587	-83.030788	181.82	31.049294	
41.86	40.057474	-83.030793	182.42	31.408889	
42.114	40.057418	-83.030798	182.96	31.597178	
42.358	40.057418	-83.030798	182.96	31.597178	
42.615	40.057303	-83.030808	184.12	31.749968	
42.866	40.05719	-83.030822	185.3	31.648622	
43.113	40.05719	-83.030822	185.3	31.648889	
43.38	40.05719	-83.030822	185.3	31.648889	
43.613	40.057021	-83.030848	187.26	31.419694	
43.865	40.056909	-83.030868	188.12	31.305488	
44.112	40.056909	-83.030868	188.12	31.305278	
44.367	40.056909	-83.030868	188.12	31.305278	
44.614	40.056743	-83.030902	188.9	31.157222	
44.857	40.056743	-83.030902	188.9	31.157222	
45.113	40.056578	-83.030941	190.42	31.063699	
45.366	40.056578	-83.030941	190.42	31.063889	
45.613	40.056413	-83.030984	191.56	31.202084	
45.854	40.056413	-83.030984	191.56	31.201944	
46.112	40.056413	-83.030984	191.56	31.201944	
46.365	40.056248	-83.031031	192.46	31.268448	
46.612	40.056138	-83.031064	192.97	31.295713	
46.864	40.056138	-83.031064	192.97	31.295833	
47.111	40.056138	-83.031064	192.97	31.295833	
47.367	40.055974	-83.031116	193.87	31.342528	
47.612	40.055865	-83.031152	194.51	31.367736	
47.866	40.055865	-83.031152	194.51	31.367778	
48.11	40.05581	-83.03117	194.72	31.407778	
48.363	40.05581	-83.03117	194.72	31.407778	
48.611	40.055647	-83.031228	195.45	31.388056	
48.866	40.055647	-83.031228	195.45	31.388056	
49.115	40.055484	-83.031289	196.32	31.410949	
49.368	40.055484	-83.031289	196.32	31.410949	
49.612	40.055322	-83.031353	197.18	31.407348	
49.865	40.055322	-83.031353	197.18	31.407348	
50.113	40.055214	-83.031398	197.66	31.408891	
50.367	40.055214	-83.031398	197.66	31.408889	
50.615	40.055053	-83.031466	198.24	31.537502	
50.92	40.055053	-83.031466	198.24	31.537502	
51.112	40.054945	-83.031513	198.63	31.554722	
51.365	40.054945	-83.031513	198.63	31.554722	
51.612	40.054783	-83.031584	198.78	31.560138	
51.866	40.054783	-83.031584	198.78	31.560138	
52.115	40.054676	-83.031632	198.86	31.559109	
52.362	40.054676	-83.031632	198.86	31.559109	
52.613	40.054568	-83.03168	198.84	31.527222	
52.86	40.054568	-83.03168	198.84	31.527222	
53.114	40.054407	-83.031751	198.58	31.440272	
53.361	40.054407	-83.031751	198.58	31.440272	
53.622	40.054299	-83.031797	198.34	31.397573	
53.862	40.054192	-83.031843	198.25	31.416608	
54.114	40.054192	-83.031843	198.25	31.416389	
54.36	40.054192	-83.031843	198.25	31.416389	
54.614	40.054031	-83.031911	198.33	31.31732	
54.862	40.053924	-83.031957	198.32	31.281309	
55.113	40.053924	-83.031957	198.32	31.281309	
55.361	40.053817	-83.032003	198.32	31.255587	
55.621	40.05371	-83.032049	198.32	31.289026	
55.866	40.05371	-83.032049	198.32	31.289026	
56.115	40.053603	-83.032095	198.28	31.251111	
56.36	40.053603	-83.032095	198.28	31.251111	
56.615	40.053442	-83.032164	198.28	31.28	
56.863	40.053388	-83.032187	198.52	31.309089	
57.113	40.053388	-83.032187	198.52	31.309089	
57.361	40.053281	-83.032234	198.61	31.3625	
57.615	40.053228	-83.032257	198.64	31.426389	
57.861	40.053228	-83.032257	198.64	31.426389	
58.117	40.053067	-83.032328	198.65	31.492231	
58.366	40.053067	-83.032328	198.65	31.492222	
58.638	40.052905	-83.032398	198.52	31.521554	
58.865	40.052905	-83.032398	198.52	31.521554	
59.09	40.052798	-83.032445	198.56	31.545219	
59.374	40.052798	-83.032445	198.56	31.545219	
59.617	40.052691	-83.032492	198.57	31.469167	
59.863	40.052691	-83.032492	198.57	31.469167	
60.115	40.052531	-83.032561	198.56	31.065	
60.362	40.052478	-83.032584	198.62	30.93303	
60.623	40.052426	-83.032607	198.55	30.820881	
60.862	40.052322	-83.032653	198.51	30.549167	
61.118	40.052322	-83.032653	198.51	30.549167	
61.361	40.052322	-83.032653	198.51	30.549167	
61.616	40.052166	-83.03272	198.44	30.278889	
61.862	40.052063	-83.032765	198.42	30.090884	
62.114	40.052012	-83.032787	198.43	30.074167	
62.397	40.052012	-83.032787	198.43	30.074167	
62.614	40.051858	-83.032852	197.92	30.154676	
62.862	40.051858	-83.032852	197.92	30.154676	
63.118	40.051754	-83.032895	197.15	30.533821	
63.361	40.051754	-83.032895	197.15	30.533889	
63.614	40.051594	-83.032955	195.89	30.824997	
63.86	40.051594	-83.032955	195.89	30.824997	
64.113	40.051487	-83.032993	195.26	30.97007	
64.364	40.051487	-83.032993	195.26	30.970278	
64.615	40.051324	-83.033048	194.13	31.332753	
64.861	40.051324	-83.033048	194.13	31.332753	
65.142	40.051214	-83.033083	193.6	31.674444	
65.36	40.051214	-83.033083	193.6	31.674444	
65.615	40.051047	-83.033134	193.24	31.739679	
65.865	40.051047	-83.033134	193.24	31.739679	
66.115	40.050936	-83.033168	193.04	31.764444	
66.36	40.050936	-83.033168	193.04	31.764444	
66.615	40.050769	-83.033217	192.69	31.74791	
66.861	40.050769	-83.033217	192.69	31.74791	
67.117	40.050658	-83.033248	192.43	31.700278	
67.367	40.050658	-83.033248	192.43	31.700278	
67.615	40.050491	-83.033294	191.81	31.744309	
67.861	40.050491	-83.033294	191.81	31.744309	
68.116	40.050379	-83.033324	191.49	31.829444	
68.362	40.050323	-83.033338	191.36	31.859544	
68.619	40.050323	-83.033338	191.36	31.859722	
68.88	40.050153	-83.03338	190.42	31.996387	
69.116	40.050153	-83.03338	190.42	31.996389	
69.36	40.050153	-83.03338	190.42	31.996389	
69.613	40.049983	-83.033418	189.61	32.189818	
69.861	40.049869	-83.033442	188.93	32.244863	
70.114	40.049811	-83.033453	188.76	32.33129	
70.361	40.049811	-83.033453	188.76	32.33129	
70.618	40.049696	-83.033474	188.09	32.391111	
70.867	40.049696	-83.033474	188.09	32.391111	
71.116	40.049523	-83.033503	187.09	32.47019	
71.362	40.049523	-83.033503	187.09	32.47	
71.614	40.049349	-83.033527	186.15	32.478936	
71.863	40.049349	-83.033527	186.15	32.478936	
72.116	40.049233	-83.033541	185.39	32.383249	
72.363	40.049233	-83.033541	185.39	32.383056	
72.618	40.049058	-83.033559	184.44	32.309169	
72.864	40.049058	-83.033559	184.44	32.309169	
73.114	40.048942	-83.033569	183.81	32.299444	
73.363	40.048884	-83.033573	183.36	32.255152	
73.628	40.048768	-83.03358	183.36	32.255278	
73.864	40.04871	-83.033583	182.36	32.256181	
74.113	40.04871	-83.033583	182.36	32.256181	
74.36	40.048594	-83.033588	181.76	32.21554	
74.615	40.048594	-83.033588	181.76	32.215556	
74.863	40.04842	-83.033591	180.75	32.206794	
75.121	40.04842	-83.033591	180.75	32.206794	
75.379	40.048304	-83.033592	180.12	32.184673	
75.614	40.048188	-83.03359	179.6	32.160494	
75.864	40.048188	-83.03359	179.6	32.160556	
76.115	40.048188	-83.03359	179.6	32.160556	
76.365	40.048014	-83.033586	178.75	32.166668	
76.61	40.047898	-83.033582	178.47	32.1785	
76.865	40.047898	-83.033582	178.47	32.1785	
77.111	40.047782	-83.033577	178.18	32.196389	
77.363	40.047782	-83.033577	178.18	32.196389	
77.61	40.047608	-83.03357	177.94	32.172841	
77.863	40.047608	-83.03357	177.94	32.172841	
78.113	40.047492	-83.033565	177.96	32.254638	
78.365	40.047492	-83.033565	177.96	32.254722	
78.612	40.047317	-83.033557	177.76	32.252066	
78.863	40.047317	-83.033557	177.76	32.252066	
79.109	40.047201	-83.033551	177.76	32.261111	
79.401	40.047201	-83.033551	177.76	32.261111	
79.613	40.047026	-83.033541	177.53	32.314828	
79.866	40.047026	-83.033541	177.53	32.314722	
80.115	40.047026	-83.033541	177.53	32.314722	
80.364	40.046851	-83.033531	177.32	32.333862	
80.611	40.046735	-83.033523	177.25	32.330261	
80.878	40.046735	-83.033523	177.25	32.330261	
81.113	40.046619	-83.033517	177.32	32.340556	
81.365	40.046619	-83.033517	177.32	32.340556	
81.658	40.046444	-83.033506	177.16	32.356667	
81.865	40.046444	-83.033506	177.16	32.356667	
82.111	40.046444	-83.033506	177.16	32.356667	
82.365	40.04627	-83.033495	177.15	32.331804	
82.619	40.046154	-83.033487	177.2	32.318943	
82.859	40.046154	-83.033487	177.2	32.318943	
83.114	40.046038	-83.03348	177.21	32.336949	
83.358	40.046038	-83.03348	177.21	32.336944	
83.613	40.045863	-83.033469	177.25	32.366787	
83.859	40.045863	-83.033469	177.25	32.366787	
84.113	40.045747	-83.033462	177.2	32.378611	
84.357	40.045747	-83.033462	177.2	32.378611	
84.615	40.045572	-83.033451	177.22	32.385307	
84.859	40.045572	-83.033451	177.22	32.385307	
85.116	40.045455	-83.033443	177.2	32.409486	
85.363	40.045455	-83.033443	177.2	32.409486	
85.62	40.045339	-83.033436	177.28	32.426977	
85.869	40.045222	-83.033429	177.24	32.389722	
86.125	40.045222	-83.033429	177.24	32.389722	
86.362	40.045222	-83.033429	177.24	32.389722	
86.615	40.045048	-83.033418	177.21	32.422778	
86.862	40.045048	-83.033418	177.21	32.422778	
87.117	40.044873	-83.033407	177.13	32.385278	
87.363	40.044873	-83.033407	177.13	32.385278	
87.615	40.044698	-83.033394	176.7	32.379133	
87.862	40.044698	-83.033394	176.7	32.379133	
88.11	40.044582	-83.033385	176.37	32.343637	
88.364	40.044582	-83.033385	176.37	32.343611	
88.611	40.044408	-83.033367	175.32	32.316886	
88.867	40.044408	-83.033367	175.32	32.316886	
89.112	40.044293	-83.033353	174.56	32.316371	
89.371	40.044293	-83.033353	174.56	32.316389	
89.613	40.044119	-83.033328	173.43	32.347238	
89.863	40.044119	-83.033328	173.43	32.347238	
90.113	40.044004	-83.033307	172.4	32.326389	
90.366	40.044004	-83.033307	172.4	32.326389	
90.612	40.04389	-83.033285	171.75	32.291389	
90.865	40.04389	-83.033285	171.75	32.291389	
91.119	40.043718	-83.033248	170.3	32.322778	
91.364	40.043718	-83.033248	170.3	32.322778	
91.612	40.043547	-83.033204	168.66	32.384792	
91.889	40.043547	-83.033204	168.66	32.384792	
92.113	40.043433	-83.033171	167.61	32.352382	
92.367	40.043433	-83.033171	167.61	32.352382	
92.611	40.04332	-83.033136	166.56	32.345694	
92.884	40.043207	-83.033098	165.48	32.34055	
93.097	40.043207	-83.033098	165.48	32.340278	
93.367	40.043207	-83.033098	165.48	32.340278	
93.613	40.043039	-83.033036	163.93	32.327222	
93.866	40.043039	-83.033036	163.93	32.327222	
94.112	40.042873	-83.032968	162.32	32.373989	
94.398	40.042873	-83.032968	162.32	32.373989	
94.609	40.042762	-83.03292	161.38	32.331667	
94.868	40.042762	-83.03292	161.38	32.331667	
95.113	40.042598	-83.032843	160.04	32.355556	
95.367	40.042598	-83.032843	160.04	32.355556	
95.614	40.042489	-83.032789	159.01	32.372222	
95.865	40.042489	-83.032789	159.01	32.372222	
96.125	40.042327	-83.032703	157.56	32.42	
96.367	40.042274	-83.032673	157.15	32.423376	
96.613	40.042274	-83.032673	157.15	32.423611	
96.861	40.042113	-83.032581	156.08	32.444982	
97.141	40.042113	-83.032581	156.08	32.444982	
97.365	40.042007	-83.032519	155.77	32.451156	
97.614	40.042007	-83.032519	155.77	32.450833	
97.86	40.041849	-83.032423	155.04	32.454757	
98.114	40.041849	-83.032423	155.04	32.454757	
98.361	40.041743	-83.032357	154.75	32.439838	
98.611	40.041743	-83.032357	154.75	32.44	
98.862	40.041585	-83.03226	154.59	32.451156	
99.114	40.041532	-83.032227	154.53	32.438294	
99.361	40.041532	-83.032227	154.53	32.438294	
99.598	40.041427	-83.032161	154.44	32.428611	
99.862	40.041427	-83.032161	154.44	32.428611	
100.112	40.041269	-83.032062	154.41	32.4375	
100.361	40.041269	-83.032062	154.41	32.4375	
100.617	40.041164	-83.031996	154.43	32.430556	
100.861	40.041164	-83.031996	154.43	32.430556	
101.115	40.041005	-83.0319	154.99	32.517778	
101.364	40.041005	-83.0319	154.99	32.517778	
101.615	40.040846	-83.031804	155.05	32.442924	
101.862	40.040846	-83.031804	155.05	32.442924	
102.114	40.040741	-83.031739	154.89	32.429722	
102.361	40.040741	-83.031739	154.89	32.429722	
102.617	40.040582	-83.031642	154.96	32.421832	
102.863	40.040582	-83.031642	154.96	32.421832	
103.117	40.040476	-83.031578	155.07	32.442924	
103.361	40.040424	-83.031546	155.07	32.421318	
103.613	40.040318	-83.031482	155.08	32.435722	
103.861	40.040318	-83.031482	155.08	32.435722	
104.116	40.040212	-83.031417	154.87	32.418746	
104.364	40.040212	-83.031417	154.87	32.418746	
104.616	40.040054	-83.03132	154.85	32.47482	
104.861	40.040054	-83.03132	154.85	32.47482	
105.113	40.039948	-83.031255	154.91	32.454167	
105.361	40.039948	-83.031255	154.91	32.454167	
105.615	40.039895	-83.031223	154.74	32.407222	
105.865	40.039737	-83.031125	155.06	32.396624	
106.115	40.039737	-83.031125	155.06	32.396624	
106.365	40.039631	-83.031061	155.16	32.441381	
106.614	40.039631	-83.031061	155.16	32.441389	
106.862	40.039473	-83.030965	155.12	32.41463	
107.115	40.03942	-83.030933	155.18	32.377076	
107.389	40.03942	-83.030933	155.18	32.377076	
107.615	40.039314	-83.030869	155.29	32.398168	
107.861	40.039208	-83.030806	155.4	32.425433	
108.114	40.039208	-83.030806	155.4	32.425556	
108.361	40.039208	-83.030806	155.4	32.425556	
108.612	40.039049	-83.030711	155.57	32.3125	
108.863	40.039049	-83.030711	155.57	32.3125	
109.115	40.038891	-83.030618	155.7	32.04886	
109.361	40.038891	-83.030618	155.7	32.048611	
109.614	40.038735	-83.030526	155.89	31.802441	
109.863	40.038735	-83.030526	155.89	31.802441	
110.117	40.03863	-83.030466	155.93	31.706667	
110.363	40.038578	-83.030435	156.02	31.633189	
110.615	40.038475	-83.030375	156.11	31.535444	
110.86	40.038475	-83.030375	156.11	31.535444	
111.114	40.038371	-83.030316	156.12	31.428889	
111.361	40.038371	-83.030316	156.12	31.428889	
111.613	40.038216	-83.030227	156.24	31.314233	
111.862	40.038216	-83.030227	156.24	31.313889	
112.115	40.038216	-83.030227	156.24	31.313889	
112.394	40.038062	-83.030137	155.89	31.26639	
112.613	40.038062	-83.030137	155.89	31.266111	
112.861	40.037909	-83.030047	155.74	31.169674	
113.114	40.037909	-83.030047	155.74	31.169674	
113.361	40.037806	-83.029986	155.53	31.149611	
113.614	40.037705	-83.029926	155.31	31.177906	
113.86	40.037705	-83.029926	155.31	31.177906	
114.113	40.037603	-83.029864	155.07	31.104854	
114.361	40.037603	-83.029864	155.07	31.104854	
114.612	40.037451	-83.029772	155.03	31.070387	
114.859	40.037451	-83.029772	155.03	31.070556	
115.116	40.037451	-83.029772	155.03	31.070556	
115.361	40.037299	-83.02968	154.99	31.095556	
115.613	40.037197	-83.029618	155.03	31.126976	
115.86	40.037197	-83.029618	155.03	31.127222	
116.152	40.037096	-83.029557	155.03	31.127222	
116.366	40.037045	-83.029526	154.98	31.119259	
116.615	40.036943	-83.029465	155.01	31.1136	
116.861	40.036943	-83.029465	155.01	31.1136	
117.113	40.036842	-83.029403	154.86	31.094051	
117.36	40.036842	-83.029403	154.86	31.093889	
117.62	40.03669	-83.02931	154.82	31.033347	
117.858	40.03669	-83.02931	154.82	31.033347	
118.114	40.036589	-83.029248	154.86	31.025116	
118.362	40.036589	-83.029248	154.86	31.025	
118.611	40.036438	-83.029156	154.95	30.971613	
118.865	40.036438	-83.029156	154.95	30.971389	
119.126	40.036337	-83.029094	154.95	30.971389	
119.359	40.036286	-83.029063	154.85	30.972128	
119.614	40.036286	-83.029063	154.85	30.972222	
119.862	40.036135	-83.02897	154.76	30.978301	
120.112	40.036135	-83.02897	154.76	30.978056	
120.36	40.036135	-83.02897	154.76	30.978056	
120.611	40.035984	-83.028878	154.82	30.963056	
120.858	40.035984	-83.028878	154.82	30.963056	
121.116	40.035832	-83.028785	154.98	30.9325	
121.366	40.035832	-83.028785	154.98	30.9325	
121.612	40.035681	-83.028695	155.39	30.913996	
121.86	40.035681	-83.028695	155.39	30.913889	
122.113	40.035579	-83.028635	155.39	30.913889	
122.36	40.035529	-83.028605	155.89	30.87284	
122.614	40.035426	-83.028547	156.3	30.869239	
122.861	40.035426	-83.028547	156.3	30.869239	
123.113	40.035324	-83.028489	156.83	30.861008	
123.359	40.035324	-83.028489	156.83	30.861008	
123.614	40.035222	-83.028434	157.43	30.86358	
123.86	40.035119	-83.028379	157.99	30.846089	
124.118	40.035119	-83.028379	157.99	30.846089	
124.361	40.035015	-83.028327	159.18	30.78487	
124.614	40.034963	-83.028302	159.68	30.749888	
124.859	40.034858	-83.028255	160.99	30.801332	
125.113	40.034858	-83.028255	160.99	30.801111	
125.359	40.034858	-83.028255	160.99	30.801111	
125.613	40.034699	-83.028191	163.3	30.710276	
125.86	40.034592	-83.028153	164.7	30.685582	
126.112	40.034592	-83.028153	164.7	30.685582	
126.358	40.034485	-83.028119	166.19	30.696386	
126.612	40.034485	-83.028119	166.19	30.696111	
126.862	40.034322	-83.028076	168.58	30.731368	
127.116	40.034322	-83.028076	168.58	30.731368	
127.362	40.034212	-83.028051	170.17	30.762749	
127.617	40.034102	-83.02803	171.75	30.797222	
127.861	40.034047	-83.028021	172.59	30.764807	
128.11	40.034047	-83.028021	172.59	30.765	
128.363	40.034047	-83.028021	172.59	30.765	
128.608	40.033882	-83.028001	175.04	30.772222	
128.863	40.033882	-83.028001	175.04	30.772222	
129.112	40.033715	-83.02799	177.59	30.795159	
129.362	40.033715	-83.02799	177.59	30.795	
129.611	40.033549	-83.027988	180.2	30.814708	
129.863	40.033549	-83.027988	180.2	30.814708	
130.11	40.033437	-83.027993	181.75	30.806991	
130.363	40.033437	-83.027993	181.75	30.806991	
130.61	40.033271	-83.028007	184.16	30.822424	
130.862	40.033271	-83.028007	184.16	30.822424	
131.109	40.03316	-83.028021	185.86	30.806477	
131.361	40.03316	-83.028021	185.86	30.806477	
131.621	40.03305	-83.028039	187.53	30.803056	
131.863	40.03305	-83.028039	187.53	30.803056	
132.11	40.032886	-83.028075	190.11	30.798889	
132.363	40.032886	-83.028075	190.11	30.798889	
132.617	40.032723	-83.02812	192.73	30.839401	
132.862	40.032723	-83.02812	192.73	30.839401	
133.11	40.032615	-83.028155	194.3	30.8525	
133.363	40.032562	-83.028175	195.14	30.851233	
133.618	40.032455	-83.028216	196.73	30.820881	
133.866	40.032455	-83.028216	196.73	30.820881	
134.11	40.032349	-83.028261	198.5	30.829444	
134.363	40.032349	-83.028261	198.5	30.829444	
134.612	40.032297	-83.028286	199.37	30.831389	
134.866	40.032141	-83.028364	201.8	30.867696	
135.114	40.032141	-83.028364	201.8	30.8675	
135.368	40.032141	-83.028364	201.8	30.8675	
135.614	40.031988	-83.028451	204.36	30.907308	
135.863	40.031887	-83.028514	205.92	30.839916	
136.112	40.031887	-83.028514	205.92	30.84	
136.364	40.031887	-83.028514	205.92	30.84	
136.614	40.031739	-83.028614	208.0	30.879528	
136.864	40.031642	-83.028686	209.74	30.93303	
137.111	40.031642	-83.028686	209.74	30.93303	
137.363	40.031546	-83.02876	210.7	31.002994	
137.611	40.031451	-83.028836	212.03	31.022543	
137.865	40.031404	-83.028875	212.67	30.966983	
138.113	40.031404	-83.028875	212.67	30.966983	
138.365	40.031311	-83.028957	214.01	31.055982	
138.611	40.03122	-83.029041	215.26	31.051352	
138.858	40.03122	-83.029041	215.26	31.051352	
139.105	40.03113	-83.029127	216.61	31.045693	
139.372	40.03113	-83.029127	216.61	31.045556	
139.613	40.030999	-83.029264	218.99	31.04878	
139.86	40.030999	-83.029264	218.99	31.04878	
140.11	40.030915	-83.02936	221.03	31.083762	
140.366	40.030915	-83.02936	221.03	31.083762	
140.61	40.030833	-83.02946	223.07	31.115833	
140.86	40.030833	-83.02946	223.07	31.115833	
141.113	40.030715	-83.029617	226.33	31.274621	
141.366	40.030715	-83.029617	226.33	31.274621	
141.627	40.030603	-83.02978	228.71	31.240668	
141.863	40.030603	-83.02978	228.71	31.240668	
142.112	40.03053	-83.029893	230.18	31.285278	
142.362	40.030495	-83.02995	230.74	31.312778	
142.612	40.030459	-83.030007	231.28	31.316111	
142.864	40.030459	-83.030007	231.28	31.316111	
143.105	40.030356	-83.030181	232.5	31.238889	
143.363	40.030356	-83.030181	232.5	31.238889	
143.611	40.030256	-83.030358	233.97	31.347158	
143.866	40.030256	-83.030358	233.97	31.347158	
144.112	40.030191	-83.030477	234.46	31.289167	
144.365	40.030191	-83.030477	234.46	31.289167	
144.61	40.030095	-83.030658	235.67	31.409406	
144.865	40.030095	-83.030658	235.67	31.409406	
145.111	40.030032	-83.03078	236.19	31.346944	
145.38	40.030032	-83.03078	236.19	31.346944	
145.653	40.029939	-83.030965	237.14	31.38214	
145.865	40.029939	-83.030965	237.14	31.381944	
146.112	40.029939	-83.030965	237.14	31.381944	
146.365	40.029849	-83.031153	238.09	31.357961	
146.622	40.029791	-83.031278	238.71	31.331724	
146.865	40.029791	-83.031278	238.71	31.331944	
147.176	40.029791	-83.031278	238.71	31.331944	
147.349	40.029704	-83.031468	239.58	31.297778	
147.611	40.029676	-83.031532	239.9	31.286453	
147.866	40.02962	-83.031659	240.48	31.251471	
148.145	40.029593	-83.031723	240.74	31.209287	
148.386	40.029593	-83.031723	240.74	31.209444	
148.596	40.029512	-83.031915	241.58	31.136236	
148.865	40.029512	-83.031915	241.58	31.136236	
149.164	40.029459	-83.032043	242.12	31.066786	
149.366	40.029459	-83.032043	242.12	31.066786	
149.62	40.029407	-83.032172	242.61	30.964926	
149.865	40.029357	-83.0323	243.17	30.963382	
150.111	40.029357	-83.0323	243.17	30.963611	
150.365	40.029357	-83.0323	243.17	30.963611	
150.612	40.029282	-83.032494	243.86	30.811667	
150.845	40.029282	-83.032494	243.86	30.811667	
151.111	40.029209	-83.032689	244.39	30.767379	
151.364	40.029209	-83.032689	244.39	30.767379	
151.611	40.029162	-83.032819	244.76	30.738333	
151.869	40.029162	-83.032819	244.76	30.738333	
152.112	40.029091	-83.033013	244.78	30.650086	
152.365	40.029091	-83.033013	244.78	30.650086	
152.611	40.029019	-83.033208	244.48	30.6125	
152.864	40.029019	-83.033208	244.48	30.6125	
153.112	40.029019	-83.033208	244.48	30.6125	
153.348	40.028947	-83.033402	244.02	30.639797	
153.604	40.028898	-83.033531	243.66	30.711944	
153.863	40.028898	-83.033531	243.66	30.711944	
154.111	40.028898	-83.033531	243.66	30.711944	
154.363	40.028823	-83.033724	243.09	30.745833	
154.612	40.028823	-83.033724	243.09	30.745833	
154.865	40.028746	-83.033916	242.32	30.790014	
155.112	40.028746	-83.033916	242.32	30.790014	
155.365	40.028693	-83.034043	241.78	30.841973	
155.608	40.028639	-83.03417	240.65	30.883643	
155.863	40.028639	-83.03417	240.65	30.883643	
156.112	40.028583	-83.034295	239.55	30.861008	
156.366	40.028583	-83.034295	239.55	30.861008	
156.612	40.028525	-83.034418	238.36	30.909722	
156.868	40.028525	-83.034418	238.36	30.909722	
157.112	40.028433	-83.034601	236.28	30.954637	
157.391	40.028433	-83.034601	236.28	30.954637	
157.61	40.028368	-83.03472	234.66	30.984474	
157.89	40.0283	-83.034837	232.27	31.036948	
158.11	40.0283	-83.034837	232.27	31.036667	
158.364	40.0283	-83.034837	232.27	31.036667	
158.611	40.028193	-83.035005	229.62	31.088907	
158.863	40.028118	-83.035114	228.26	31.157842	
159.11	40.028118	-83.035114	228.26	31.157842	
159.363	40.028041	-83.035221	226.57	31.21546	
159.61	40.027962	-83.035324	224.86	31.16453	
159.865	40.027962	-83.035324	224.86	31.16453	
160.111	40.02788	-83.035425	223.02	31.202084	
160.374	40.02788	-83.035425	223.02	31.202222	
160.61	40.027753	-83.035568	219.8	31.225234	
160.865	40.027753	-83.035568	219.8	31.225234	
161.111	40.027664	-83.035658	217.72	31.253014	
161.365	40.027664	-83.035658	217.72	31.253014	
161.611	40.027573	-83.035744	215.72	31.243754	
161.878	40.027479	-83.035826	213.7	31.290054	
162.111	40.027479	-83.035826	213.7	31.290054	
162.366	40.027384	-83.035903	211.45	31.270506	
162.612	40.027285	-83.035976	209.44	31.356418	
162.866	40.027285	-83.035976	209.44	31.356389	
163.111	40.027285	-83.035976	209.44	31.356389	
163.365	40.027135	-83.036075	206.11	31.281309	
163.61	40.027135	-83.036075	206.11	31.281111	
163.865	40.026981	-83.036164	203.17	31.193339	
164.113	40.026981	-83.036164	203.17	31.193339	
164.367	40.026876	-83.036218	201.19	31.247356	
164.616	40.026876	-83.036218	201.19	31.2475	
164.864	40.026716	-83.036289	198.08	31.189738	
165.112	40.026716	-83.036289	198.08	31.189722	
165.363	40.026716	-83.036289	198.08	31.189722	
165.611	40.026554	-83.03635	195.14	31.130577	
165.866	40.026445	-83.036383	192.89	31.109484	
166.111	40.026445	-83.036383	192.89	31.109444	
166.363	40.026445	-83.036383	192.89	31.109444	
166.609	40.02628	-83.036424	189.87	31.110513	
166.863	40.026169	-83.036445	188.17	31.167102	
167.113	40.026169	-83.036445	188.17	31.167102	
167.366	40.026058	-83.036461	186.32	31.133663	
167.61	40.026058	-83.036461	186.32	31.133611	
167.864	40.02589	-83.036476	183.62	31.05804	
168.11	40.02589	-83.036476	183.62	31.058056	
168.365	40.02589	-83.036476	183.62	31.058056	
168.613	40.025723	-83.03648	180.71	30.935	
168.867	40.025723	-83.03648	180.71	30.935	
169.113	40.025556	-83.036473	177.54	30.935833	
169.358	40.025556	-83.036473	177.54	30.935833	
169.611	40.025445	-83.036463	175.79	30.929429	
169.861	40.025334	-83.036449	174.38	30.920683	
170.113	40.025279	-83.036441	173.71	30.888788	
170.359	40.025279	-83.036441	173.71	30.888788	
170.638	40.025168	-83.036422	172.51	30.925556	
170.859	40.025168	-83.036422	172.51	30.925556	
171.112	40.025003	-83.036389	170.79	30.889302	
171.38	40.025003	-83.036389	170.79	30.889167	
171.615	40.024837	-83.036351	169.79	31.019457	
171.861	40.024837	-83.036351	169.79	31.019457	
172.124	40.024728	-83.036323	169.09	30.999722	
172.362	40.024728	-83.036323	169.09	30.999722	
172.614	40.024673	-83.036309	168.84	30.993889	
172.861	40.024509	-83.036266	168.51	31.026144	
173.115	40.024509	-83.036266	168.51	31.026144	
173.361	40.024399	-83.036237	168.46	30.995278	
173.613	40.02429	-83.036207	168.32	31.007624	
173.861	40.02429	-83.036207	168.32	31.007624	
174.096	40.02418	-83.036177	168.32	31.015	
174.365	40.02418	-83.036177	168.32	31.015	
174.612	40.024016	-83.036133	168.2	31.048266	
174.86	40.024016	-83.036133	168.2	31.048266	
175.113	40.023906	-83.036103	168.26	31.024087	
175.36	40.023906	-83.036103	168.26	31.024087	
175.613	40.023797	-83.036074	168.41	31.048333	
175.86	40.023797	-83.036074	168.41	31.048333	
176.111	40.023632	-83.03603	168.34	31.083248	
176.36	40.023632	-83.03603	168.34	31.083248	
176.612	40.023522	-83.036	168.08	31.093611	
176.864	40.023522	-83.036	168.08	31.093611	
177.111	40.023358	-83.035954	167.81	31.1375	
177.362	40.023358	-83.035954	167.81	31.1375	
177.615	40.023194	-83.035907	167.43	31.115143	
177.865	40.023194	-83.035907	167.43	31.115143	
178.111	40.023084	-83.035875	167.27	31.092508	
178.366	40.023084	-83.035875	167.27	31.092508	
178.608	40.022975	-83.035843	167.08	31.077589	
178.862	40.022866	-83.035809	166.59	31.044664	
179.108	40.022866	-83.035809	166.59	31.044722	
179.364	40.022866	-83.035809	166.59	31.044722	
179.611	40.022703	-83.035758	166.38	31.062156	
179.865	40.022594	-83.035723	166.02	31.068843	
180.113	40.022594	-83.035723	166.02	31.068843	
180.36	40.022485	-83.035687	165.87	31.063184	
180.615	40.022485	-83.035687	165.87	31.063333	
180.86	40.022323	-83.035633	165.7	31.088392	
181.116	40.022323	-83.035633	165.7	31.088392	
181.362	40.022215	-83.035597	165.48	31.112057	
181.619	40.022215	-83.035597	165.48	31.112222	
181.861	40.022052	-83.035541	165.23	31.086334	
182.113	40.022052	-83.035541	165.23	31.086389	
182.371	40.022052	-83.035541	165.23	31.086389	
182.618	40.02189	-83.035485	164.97	31.088907	
182.86	40.021783	-83.035447	164.7	31.013798	
183.114	40.021783	-83.035447	164.7	31.013798	
183.358	40.021675	-83.035408	164.65	31.084791	
183.642	40.021567	-83.035369	164.4	31.04878	
183.859	40.021567	-83.035369	164.4	31.048611	
184.113	40.021459	-83.03533	164.4	31.048611	
184.36	40.021405	-83.03531	164.15	31.081704	
184.613	40.021351	-83.03529	164.22	31.089421	
184.859	40.021244	-83.03525	163.96	31.060612	
185.121	40.021244	-83.03525	163.96	31.060612	
185.362	40.021137	-83.035209	163.8	31.04878	
185.615	40.021083	-83.035189	163.77	31.02563	
185.862	40.020976	-83.035147	163.55	31.042607	
186.113	40.020976	-83.035147	163.55	31.0425	
186.36	40.020976	-83.035147	163.55	31.0425	
186.617	40.020816	-83.035084	163.28	30.988056	
186.86	40.020709	-83.035042	163.29	31.003509	
187.112	40.020709	-83.035042	163.29	31.003509	
187.368	40.020602	-83.035	163.12	30.971613	
187.622	40.020602	-83.035	163.12	30.971667	
187.861	40.020442	-83.034937	163.1	30.926342	
188.115	40.020442	-83.034937	163.1	30.926342	
188.362	40.020336	-83.034894	162.93	30.927371	
188.615	40.020336	-83.034894	162.93	30.9275	
188.861	40.020176	-83.03483	163.03	30.909444	
189.143	40.020176	-83.03483	163.03	30.909444	
189.36	40.02007	-83.034787	163.15	30.916389	
189.611	40.020017	-83.034766	163.06	30.880833	
189.858	40.01991	-83.034723	163.06	30.880833	
190.113	40.019857	-83.034703	163.17	30.888056	
190.372	40.019857	-83.034703	163.17	30.888056	
190.614	40.019697	-83.034639	163.13	30.925828	
190.861	40.019697	-83.034639	163.13	30.925833	
191.115	40.019591	-83.034597	163.13	30.925833	
191.359	40.019537	-83.034576	163.19	30.925828	
191.609	40.019484	-83.034555	163.12	30.909444	
191.862	40.019378	-83.034513	163.11	30.910394	
192.117	40.019378	-83.034513	163.11	30.910556	
192.361	40.019378	-83.034513	163.11	30.910556	
192.612	40.019218	-83.034449	163.18	30.936117	
192.859	40.019111	-83.034407	163.13	30.953608	
193.141	40.019111	-83.034407	163.13	30.953608	
193.36	40.019004	-83.034365	163.25	31.001944	
193.615	40.018951	-83.034345	163.27	31.005052	
193.86	40.018844	-83.034303	163.21	30.90525	
194.113	40.018844	-83.034303	163.21	30.90525	
194.359	40.018739	-83.034261	163.12	30.559029	
194.613	40.018634	-83.03422	163.18	30.280714	
194.865	40.018634	-83.03422	163.18	30.280714	
195.117	40.018531	-83.034179	163.14	29.982851	
195.361	40.018531	-83.034179	163.14	29.982851	
195.613	40.018428	-83.034139	162.95	29.659167	
195.861	40.018428	-83.034139	162.95	29.659167	
196.108	40.018276	-83.034079	163.13	29.385278	
196.365	40.018276	-83.034079	163.13	29.385278	
196.617	40.018124	-83.03402	163.44	29.258513	
196.866	40.018124	-83.03402	163.44	29.258513	
197.118	40.018023	-83.033982	163.7	29.288056	
197.361	40.018023	-83.033982	163.7	29.288056	
197.615	40.01787	-83.033923	163.87	29.642803	
197.862	40.01787	-83.033923	163.87	29.642778	
198.114	40.01787	-83.033923	163.87	29.642778	
198.361	40.017715	-83.033865	164.08	30.078023	
198.613	40.017611	-83.033826	163.88	30.208692	
198.861	40.017611	-83.033826	163.88	30.208692	
199.114	40.017506	-83.033787	163.93	30.1475	
199.361	40.017506	-83.033787	163.93	30.1475	
199.63	40.01735	-83.033728	163.9	30.235443	
199.863	40.01735	-83.033728	163.9	30.235556	
200.11	40.01735	-83.033728	163.9	30.235556	
200.361	40.017192	-83.033669	163.82	30.30335	
200.612	40.017087	-83.03363	163.82	30.303056	
200.863	40.017035	-83.03361	164.05	30.459227	
201.112	40.017035	-83.03361	164.05	30.459227	
201.365	40.016929	-83.033572	164.24	30.523532	
201.61	40.016929	-83.033572	164.24	30.523889	
201.902	40.016769	-83.033515	164.82	30.727252	
202.112	40.016769	-83.033515	164.82	30.727252	
202.358	40.016662	-83.033477	165.01	30.871811	
202.62	40.016554	-83.03344	165.21	30.996307	
202.861	40.016554	-83.03344	165.21	30.996111	
203.111	40.016554	-83.03344	165.21	30.996111	
203.379	40.016391	-83.033385	165.48	31.225749	
203.614	40.016282	-83.033348	165.6	31.330181	
203.877	40.016282	-83.033348	165.6	31.33	
204.099	40.016282	-83.033348	165.6	31.33	
204.36	40.016117	-83.033294	166.05	31.493774	
204.612	40.016006	-83.03326	166.37	31.621357	
204.86	40.016006	-83.03326	166.37	31.621357	
205.115	40.015895	-83.033225	166.58	31.680003	
205.361	40.015895	-83.033225	166.58	31.680003	
205.618	40.015784	-83.033191	166.63	31.528056	
205.861	40.015784	-83.033191	166.63	31.528056	
206.113	40.015619	-83.033141	167.01	31.388313	
206.359	40.015619	-83.033141	167.01	31.388611	
206.613	40.015453	-83.033091	167.24	31.399117	
206.859	40.015453	-83.033091	167.24	31.399117	
207.115	40.015343	-83.033059	167.3	31.396667	
207.36	40.015343	-83.033059	167.3	31.396667	
207.614	40.015232	-83.033027	167.53	31.566389	
207.859	40.015232	-83.033027	167.53	31.566389	
208.112	40.015064	-83.03298	167.87	31.811187	
208.358	40.015064	-83.03298	167.87	31.811187	
208.613	40.014951	-83.032949	168.05	32.016389	
208.86	40.014951	-83.032949	168.05	32.016389	
209.112	40.01478	-83.032904	168.39	32.343122	
209.366	40.01478	-83.032904	168.39	32.343122	
209.652	40.014665	-83.032874	168.5	32.539444	
209.863	40.014665	-83.032874	168.5	32.539444	
210.113	40.014492	-83.032829	168.72	32.612177	
210.362	40.014492	-83.032829	168.72	32.612177	
210.617	40.014377	-83.032799	168.83	32.555073	
210.863	40.014261	-83.032769	168.83	32.520091	
211.11	40.014204	-83.032755	168.85	32.470704	
211.363	40.014204	-83.032755	168.85	32.470704	
211.618	40.014089	-83.032726	168.92	32.496111	
211.865	40.014089	-83.032726	168.92	32.496111	
212.112	40.013916	-83.032683	169.02	32.494369	
212.363	40.013916	-83.032683	169.02	32.494369	
212.611	40.013801	-83.032653	169.05	32.468889	
212.862	40.013801	-83.032653	169.05	32.468889	
213.109	40.013629	-83.032611	169.42	32.497778	
213.402	40.013571	-83.032598	169.51	32.482537	
213.619	40.013456	-83.032571	169.51	32.4825	
213.863	40.013398	-83.032557	169.83	32.396624	
214.119	40.013398	-83.032557	169.83	32.396624	
214.363	40.013284	-83.032531	169.82	32.217598	
214.609	40.01317	-83.032504	169.97	31.976323	
214.861	40.01317	-83.032504	169.97	31.976323	
215.11	40.013057	-83.032478	169.95	31.850799	
215.36	40.013057	-83.032478	169.95	31.850799	
215.612	40.012945	-83.032452	169.89	31.677778	
215.859	40.012945	-83.032452	169.89	31.677778	
216.112	40.012777	-83.032412	169.44	31.453133	
216.362	40.012777	-83.032412	169.44	31.453133	
216.615	40.012666	-83.032384	169.21	31.307546	
216.862	40.012556	-83.032356	168.96	31.263333	
217.112	40.012556	-83.032356	168.96	31.263333	
217.356	40.012556	-83.032356	168.96	31.263333	
217.616	40.01239	-83.032313	168.6	31.203628	
217.868	40.01228	-83.032284	168.51	31.210316	
218.115	40.012225	-83.03227	168.46	31.185833	
218.36	40.012225	-83.03227	168.46	31.185833	
218.613	40.012115	-83.03224	168.48	31.288511	
218.863	40.012004	-83.032211	168.47	31.37288	
219.099	40.012004	-83.032211	168.47	31.37288	
219.361	40.011893	-83.032181	168.49	31.512809	
219.615	40.011893	-83.032181	168.49	31.512778	
219.862	40.011725	-83.032136	168.43	31.727332	
220.113	40.011725	-83.032136	168.43	31.727332	
220.358	40.011613	-83.032106	168.38	31.828163	
220.611	40.011613	-83.032106	168.38	31.828056	
220.859	40.011444	-83.032061	168.33	31.955231	
221.115	40.011444	-83.032061	168.33	31.955231	
221.363	40.011331	-83.032031	168.48	31.97478	
221.61	40.011218	-83.032001	168.57	32.044744	
221.861	40.011218	-83.032001	168.57	32.044722	
222.111	40.011218	-83.032001	168.57	32.044722	
222.363	40.011048	-83.031957	168.71	32.092073	
222.613	40.010935	-83.031927	168.77	32.139917	
222.868	40.010935	-83.031927	168.77	32.139917	
223.112	40.010821	-83.031898	168.75	32.194448	
223.36	40.010821	-83.031898	168.75	32.194444	
223.612	40.01065	-83.031854	168.92	32.20165	
223.86	40.01065	-83.031854	168.92	32.20165	
224.114	40.010536	-83.031825	169.08	32.0725	
224.36	40.010536	-83.031825	169.08	32.0725	
224.611	40.010423	-83.031797	169.2	31.940312	
224.861	40.010311	-83.031769	169.27	31.80347	
225.112	40.010311	-83.031769	169.27	31.80347	
225.359	40.010198	-83.031742	169.41	31.744823	
225.611	40.010198	-83.031742	169.41	31.744722	
225.86	40.01003	-83.031701	169.47	31.760257	
226.112	40.01003	-83.031701	169.47	31.760257	
226.361	40.009917	-83.031674	169.66	31.852342	
226.611	40.009804	-83.031648	169.86	31.874978	
226.859	40.009747	-83.031635	169.91	31.938769	
227.113	40.009747	-83.031635	169.91	31.938769	
227.361	40.009634	-83.031609	170.01	31.967578	
227.61	40.00952	-83.031583	170.13	32.029311	
227.861	40.00952	-83.031583	170.13	32.029444	
228.11	40.009407	-83.031558	170.13	32.029444	
228.36	40.00935	-83.031545	170.24	31.910989	
228.67	40.00935	-83.031545	170.24	31.911111	
228.86	40.009181	-83.031508	170.36	31.765401	
229.115	40.009181	-83.031508	170.36	31.765401	
229.358	40.009068	-83.031484	170.58	31.773118	
229.611	40.009068	-83.031484	170.58	31.773056	
229.86	40.008898	-83.031448	170.7	31.765401	
230.115	40.008842	-83.031436	170.7	31.767459	
230.362	40.008842	-83.031436	170.7	31.767222	
230.615	40.008729	-83.031412	170.78	31.773056	
230.859	40.008729	-83.031412	170.78	31.773056	
231.111	40.008559	-83.031377	171.03	31.820278	
231.358	40.008503	-83.031365	171.03	31.772603	
231.615	40.00839	-83.031342	171.04	31.720644	
231.862	40.00839	-83.031342	171.04	31.720556	
232.113	40.008278	-83.031319	171.04	31.720556	
232.358	40.008278	-83.031319	171.04	31.720556	
232.613	40.00811	-83.031285	171.25	31.40066	
232.86	40.00811	-83.031285	171.25	31.40066	
233.116	40.007998	-83.031263	171.34	31.333268	
233.361	40.007998	-83.031263	171.34	31.333268	
233.643	40.007887	-83.031241	171.45	31.216667	
233.86	40.007887	-83.031241	171.45	31.216667	
234.113	40.00772	-83.031209	171.52	31.100278	
234.36	40.00772	-83.031209	171.52	31.100278	
234.613	40.007555	-83.031177	171.48	30.946406	
234.863	40.007555	-83.031177	171.48	30.946406	
235.113	40.007445	-83.031156	171.65	30.854167	
235.378	40.007445	-83.031156	171.65	30.854167	
235.613	40.007281	-83.031125	171.99	30.667577	
235.86	40.007281	-83.031125	171.99	30.667577	
236.114	40.007172	-83.031106	172.23	30.590924	
236.361	40.007172	-83.031106	172.23	30.590924	
236.612	40.007063	-83.031087	172.27	30.53022	
236.87	40.006954	-83.031068	172.47	30.490093	
237.113	40.006954	-83.031068	172.47	30.490093	
237.365	40.006846	-83.031049	172.56	30.423611	
237.617	40.006791	-83.03104	172.67	30.373829	
237.862	40.006683	-83.031022	172.66	30.342222	
238.116	40.006683	-83.031022	172.66	30.342222	
238.36	40.006683	-83.031022	172.66	30.342222	
238.61	40.006521	-83.030996	172.84	30.219444	
238.859	40.006521	-83.030996	172.84	30.219444	
239.111	40.00636	-83.030969	172.87	29.972562	
239.361	40.00636	-83.030969	172.87	29.972562	
239.61	40.006254	-83.030952	172.89	29.75238	
239.86	40.006148	-83.030935	172.77	29.599722	
240.109	40.006095	-83.030926	172.78	29.661838	
240.362	40.006095	-83.030926	172.78	29.661944	
240.613	40.005936	-83.0309	172.94	29.668526	
240.858	40.005936	-83.0309	172.94	29.668526	
241.113	40.005829	-83.030883	172.93	29.731802	
241.36	40.005829	-83.030883	172.93	29.731802	
241.612	40.005723	-83.030866	172.9	29.856812	
241.868	40.005616	-83.030849	173.01	30.017319	
242.111	40.005562	-83.030841	173.01	30.105803	
242.351	40.005562	-83.030841	173.01	30.105803	
242.612	40.0054	-83.030815	173.16	30.363026	
242.869	40.0054	-83.030815	173.16	30.363026	
243.119	40.00529	-83.030798	173.21	30.494209	
243.367	40.00529	-83.030798	173.21	30.494209	
243.611	40.005181	-83.030782	173.44	30.677866	
243.869	40.00507	-83.030766	173.64	30.853333	
244.116	40.005015	-83.030758	173.72	30.905556	
244.36	40.00496	-83.03075	173.79	30.92377	
244.61	40.00485	-83.030735	173.93	30.881071	
244.857	40.00485	-83.030735	173.93	30.881071	
245.112	40.004739	-83.03072	173.95	30.760177	
245.358	40.004685	-83.030712	173.94	30.703073	
245.649	40.004575	-83.030697	173.93	30.675808	
245.86	40.004575	-83.030697	173.93	30.675556	
246.112	40.004575	-83.030697	173.93	30.675556	
246.397	40.00441	-83.030675	174.06	30.728796	
246.613	40.00441	-83.030675	174.06	30.728611	
246.859	40.004245	-83.030652	173.98	30.717222	
247.114	40.004245	-83.030652	173.98	30.717222	
247.36	40.004135	-83.030637	173.98	30.717222	
247.611	40.004081	-83.03063	174.1	30.547778	
247.858	40.003971	-83.030615	174.1	30.547778	
248.111	40.003917	-83.030607	173.81	30.467458	
248.361	40.003917	-83.030607	173.81	30.467458	
248.612	40.003808	-83.030592	173.77	30.441736	
248.87	40.003699	-83.030576	173.81	30.343477	
249.112	40.003699	-83.030576	173.81	30.343611	
249.357	40.003699	-83.030576	173.81	30.343611	
249.611	40.003536	-83.030553	173.84	30.311067	
249.869	40.003428	-83.030538	174.0	30.30335	
250.11	40.003428	-83.030538	174.0	30.303056	
250.36	40.003428	-83.030538	174.0	30.303056	
250.596	40.003265	-83.030516	174.01	30.367778	
250.856	40.003265	-83.030516	174.01	30.367778	
251.11	40.003101	-83.030494	174.19	30.432778	
251.376	40.003101	-83.030494	174.19	30.432778	
251.611	40.002938	-83.030472	174.14	30.494723	
251.859	40.002938	-83.030472	174.14	30.494723	
252.114	40.002828	-83.030457	173.98	30.523333	
252.365	40.002828	-83.030457	173.98	30.523333	
252.613	40.002719	-83.030442	173.95	30.575491	
252.862	40.00261	-83.030427	173.96	30.656259	
253.125	40.002555	-83.030419	173.92	30.702044	
253.365	40.002555	-83.030419	173.92	30.702044	
253.618	40.002444	-83.030404	173.71	30.795	
253.86	40.002444	-83.030404	173.71	30.795	
254.109	40.002279	-83.030379	173.28	30.927371	
254.361	40.002279	-83.030379	173.28	30.927371	
254.619	40.002168	-83.030361	173.03	30.953889	
254.878	40.002168	-83.030361	173.03	30.953889	
255.11	40.002002	-83.030334	172.87	30.976758	
255.361	40.001947	-83.030325	172.74	30.973157	
255.612	40.001947	-83.030325	172.74	30.973333	
255.867	40.00178	-83.030297	172.67	31.015341	
256.11	40.00178	-83.030297	172.67	31.015278	
256.359	40.00178	-83.030297	172.67	31.015278	
256.612	40.001615	-83.030268	172.22	31.034722	
256.862	40.001615	-83.030268	172.22	31.034722	
257.142	40.001449	-83.030237	171.44	30.975729	
257.361	40.001449	-83.030237	171.44	30.975556	
257.619	40.001284	-83.030201	170.29	30.948978	
257.862	40.001284	-83.030201	170.29	30.949167	
258.119	40.001284	-83.030201	170.29	30.949167	
258.369	40.001119	-83.03016	169.09	31.011944	
258.619	40.001119	-83.03016	169.09	31.011944	
258.862	40.000955	-83.030113	167.18	30.995278	
259.108	40.000901	-83.030096	166.64	30.985503	
259.378	40.000901	-83.030096	166.64	30.985503	
259.596	40.000792	-83.030059	165.44	30.976758	
259.864	40.000685	-83.030019	164.02	30.949492	
260.111	40.000685	-83.030019	164.02	30.949492	
260.369	40.00058	-83.029975	162.27	30.804419	
260.621	40.000476	-83.029926	160.26	30.621944	
260.869	40.000476	-83.029926	160.26	30.621944	
261.113	40.000476	-83.029926	160.26	30.621944	
261.37	40.000323	-83.029847	157.51	30.366112	
261.617	40.000323	-83.029847	157.51	30.366389	
261.869	40.000175	-83.029759	154.92	30.144901	
262.111	40.000175	-83.029759	154.92	30.144901	
262.371	40.000078	-83.029696	153.22	29.991082	
262.615	39.999984	-83.02963	153.22	29.991111	
262.867	39.999938	-83.029596	150.67	29.644347	
263.11	39.999892	-83.029561	149.8	29.564444	
263.363	39.999892	-83.029561	149.8	29.564444	
263.609	39.999758	-83.029451	147.12	29.250282	
263.865	39.999714	-83.029413	146.24	29.177231	
264.111	39.999714	-83.029413	146.24	29.177231	
264.363	39.999629	-83.029335	144.63	28.998719	
264.61	39.999545	-83.029254	144.63	28.998611	
264.862	39.999504	-83.029214	142.95	28.742778	
265.112	39.999504	-83.029214	142.95	28.742778	
265.37	39.999423	-83.029131	142.95	28.742778	
265.611	39.999383	-83.02909	141.57	28.449292	
265.868	39.999304	-83.029007	141.19	28.356692	
266.11	39.999264	-83.028965	141.0	28.287757	
266.368	39.999264	-83.028965	141.0	28.287757	
266.611	39.999186	-83.028883	141.23	27.872778	
266.868	39.999186	-83.028883	141.23	27.872778	
267.113	39.999069	-83.028765	142.13	27.260411	
267.381	39.999069	-83.028765	142.13	27.260411	
267.616	39.998992	-83.02869	142.75	26.753889	
267.871	39.998992	-83.02869	142.75	26.753889	
268.111	39.998878	-83.028583	144.49	25.641454	
268.363	39.998878	-83.028583	144.49	25.641389	
268.612	39.998767	-83.028487	146.18	24.412447	
268.868	39.998767	-83.028487	146.18	24.412447	
269.113	39.998695	-83.028428	147.43	23.320833	
269.37	39.998695	-83.028428	147.43	23.320833	
269.609	39.998592	-83.028348	149.44	21.785693	
269.868	39.998592	-83.028348	149.44	21.785693	
270.118	39.998526	-83.028302	151.54	20.781389	
270.365	39.998526	-83.028302	151.54	20.781389	
270.61	39.998432	-83.028239	153.11	19.161512	
270.849	39.998432	-83.028239	153.11	19.161667	
271.109	39.998432	-83.028239	153.11	19.161667	
271.362	39.998343	-83.028188	156.58	17.579596	
271.611	39.998287	-83.028161	158.56	16.390714	
271.865	39.998287	-83.028161	158.56	16.390714	
272.11	39.998235	-83.028138	161.2	15.16325	
272.413	39.998235	-83.028138	161.2	15.16325	
272.611	39.998186	-83.028119	163.17	14.004207	
272.862	39.99814	-83.028103	165.68	12.974289	
273.11	39.99814	-83.028103	165.68	12.974444	
273.362	39.99814	-83.028103	165.68	12.974444	
273.617	39.998078	-83.028085	168.19	11.4025	
273.861	39.998078	-83.028085	168.19	11.4025	
274.108	39.998024	-83.02807	169.28	9.778333	
274.361	39.998024	-83.02807	169.28	9.778333	
274.61	39.997993	-83.028061	169.24	8.593794	
274.87	39.997967	-83.028054	169.17	7.561304	
275.11	39.997967	-83.028054	169.17	7.561111	
275.363	39.997967	-83.028054	169.17	7.561111	
275.609	39.997932	-83.028045	169.7	6.301944	
275.863	39.997912	-83.02804	170.75	5.484492	
276.095	39.997912	-83.02804	170.75	5.484722	
276.346	39.997912	-83.02804	170.75	5.484722	
276.612	39.997889	-83.028035	171.82	4.142222	
276.935	39.997889	-83.028035	171.82	4.142222	
277.137	39.997872	-83.02803	171.37	3.018246	
