ROUTE	NSTOPS	MODE	NAME	NOTES
STOP	ZONE	TIMEPT
1	3	BUS	SEN1	
1	21210	0
2	15840	0
3	21210	0
2	3	BUS	EVA2	
4	23330	0
5	21320	0
6	23330	0
3	3	BUS	SEN3	
7	21420	0
5	21320	0
8	21420	0
4	3	BUS	SEN4	
9	21730	0
5	21320	0
10	21730	0
5	3	BUS	EVA5	
11	21600	0
5	21320	0
12	21600	0
6	3	BUS	SEN6	
13	21480	0
14	21310	0
15	21480	0
7	3	BUS	EVA7	
16	23040	0
17	21310	0
18	23040	0
8	3	BUS	EVA8	
19	22770	0
17	21310	0
20	22770	0
9	3	BUS	EVA9	
21	21770	0
14	21310	0
22	21800	0
10	3	BUS	EVA10	
23	21260	0
17	21310	0
24	21130	0
11	3	BUS	EVA11	
25	23270	0
26	21300	0
27	23420	0
13	3	BUS	EVA13	
28	21030	0
17	21310	0
29	21030	0
14	3	BUS	EVA14	
30	21910	0
14	21310	0
31	21910	0
15	3	BUS	EVA15	
32	23210	0
17	21310	0
33	23210	0
20	2	BUS	NSEN2	
34	21300	0
35	601	0
21	2	BUS	BRSEN2	
36	21320	0
37	83	0
42	3	BUS	W2R	
38	15030	0
39	15522	0
40	23340	0
45	3	BUS	W3	
41	15250	0
39	15522	0
42	15280	0
47	4	BUS	W8	
43	15160	0
44	15140	0
39	15522	0
45	15170	0
48	3	BUS	E1	
46	21970	0
47	16500	0
48	21970	0
50	3	BUS	E2	
49	21920	0
47	16500	0
50	21920	0
52	3	BUS	E3	
51	21800	0
47	16500	0
52	21800	0
64	2	BUS	NSEN2W	
53	15522	0
35	601	0
66	2	BUS	BRSEN2W	
53	15522	0
37	83	0
70	2	BUS	NSSEN2E	
54	16490	0
35	601	0
72	2	BUS	BRSEN2E	
54	16490	0
37	83	0
73	3	BUS	NO16	
55	22400	0
56	21300	0
57	22400	0
75	3	BUS	NO17	
58	22530	0
17	21310	0
59	22530	0
78	2	BUS	ALSEN2	
60	21300	0
37	83	0
79	3	BUS	50ext	
61	16340	0
47	16500	0
62	16340	0
80	3	BUS	52EXT	
63	15820	0
47	16500	0
64	15830	0
90	3	BUS	McMain	
65	21650	0
14	21310	0
66	21680	0
105	3	BUS	Dry	
67	21600	0
14	21310	0
68	21600	0
148	3	BUS	jeff	
69	15860	0
47	16500	0
70	15860	0
