ROUTE	NLINKS	VEHTYPE	SUBTYPE	NOTES
LINK	NODE
1	193	4	0	SEN1
5615	4772
5534	3170
5472	3174
3420	3171
3417	3159
3408	3123
3356	3124
3375	3139
3379	3137
3369	3138
3373	3117
3352	3118
3386	3141
3380	3142
3382	3145
3398	3155
5859	3153
3397	3154
3402	3147
3384	3148
3387	2771
2979	2772
3213	2998
3210	2989
3194	2954
3149	2955
3167	2968
3163	2843
3021	2842
3062	2879
3059	2865
8794	2827
8792	1702
8796	1703
8797	2299
8798	2292
8799	2293
8801	1949
8808	1950
8810	796
54799	882
8811	2071
54797	2088
8812	2089
54663	6473
54657	6520
54658	6466
54647	6462
54648	6463
54660	2090
2204	2084
2208	2007
2115	2008
2160	2035
2139	2036
2152	2044
2150	2040
2145	2041
2148	33
24	34
956	881
950	875
946	848
902	591
914	854
912	787
826	788
868	818
867	809
845	810
859	589
603	590
668	639
666	635
662	636
654	6532
660	6534
657	6255
658	6525
618	6526
637	6530
638	6529
623	622
633	6202
630	6500
261	6501
54505	432
410	6516
404	6395
390	4989
8770	6514
8771	6510
8772	4986
6277	5107
6279	5109
6280	5108
6278	5106
6275	4985
6008	4986
6009	4987
320	6509
392	6513
394	4988
388	6394
402	6516
410	432
54505	6501
261	6500
631	6203
629	620
632	6527
621	6528
636	6523
616	6524
656	6256
655	6533
659	6531
653	636
662	635
666	639
668	590
603	589
861	805
843	806
866	777
821	778
911	853
913	841
897	842
945	875
950	881
956	34
24	33
2147	15
54774	16
2144	2039
2149	2043
2151	2027
2135	2030
2159	1998
2110	1999
2207	2080
2201	2081
54661	6467
54651	6468
54652	6469
54653	6470
54654	6471
54664	2070
2189	2071
8811	882
54799	796
54800	797
2081	1948
2406	2250
2460	2295
2464	2297
2462	2298
54669	1704
1809	2900
3078	2821
3009	2822
3035	2863
3057	2864
3054	2876
54759	2969
3165	2964
3157	2941
3141	2942
3188	2981
3191	2987
3209	2726
2953	2727
3385	3143
3381	3144
3395	3151
5510	4762
8533	6403
8531	4923
5855	4922
5856	3125
3357	3126
3371	3137
3377	3135
3378	3134
3374	3119
3353	3120
3410	3162
3419	3168
3414	3169
5531	3172
8703	4824
8704	4818
2	77	4	0	EVA2
6266	5105
6267	5101
6261	3689
6102	3641
3843	3642
6119	5038
6118	3655
6117	3493
3990	3688
6149	3644
4007	3691
3999	3692
4001	3696
4002	1599
1756	1600
2949	2717
2944	2718
2947	2719
2946	2646
2882	2647
2941	2710
2933	2672
2896	2667
2893	2668
2911	2685
2910	2686
5777	4891
5810	4898
5811	4757
5501	4756
8721	4755
5962	4901
5792	4756
5501	4757
5773	4890
7890	4900
7889	4956
5939	4955
5938	4954
5937	2768
2977	2769
3192	2983
5831	2984
5834	2994
3202	2948
3146	2949
8462	2940
3199	1772
1851	1774
2771	2563
2781	2414
2617	2415
2915	2669
2894	2663
2907	2665
2892	2666
2928	2704
2940	2643
2880	2644
2945	2715
2943	2716
2948	2720
2950	1544
1724	1545
4000	3695
4004	3652
3945	3653
3977	2422
6095	2423
8150	5037
6116	3642
3843	3641
6102	3689
6261	5101
6260	1547
1725	1546
6259	3719
3	68	4	0	SEN3
6157	2424
7872	2658
2889	2657
7882	4970
5968	2410
2614	2408
2613	2409
2902	2680
2903	2674
2898	2675
2900	2677
2905	2661
2890	2662
5915	4949
5969	4946
5911	4747
5492	4749
5488	2699
8817	2697
8818	2698
54837	2696
8819	2694
2918	2693
5919	4884
5766	4883
5776	2686
5777	4891
5810	4898
5811	4757
5501	4756
8721	4755
5962	4901
5792	4756
5501	4757
5773	4890
7890	4900
5789	3133
5461	4728
5460	4727
5459	4726
5458	1747
7847	4725
5457	1779
2897	2673
7848	2703
2927	2690
2914	2691
7852	2695
8654	4881
8655	4717
8683	4745
8686	4746
8687	4751
8688	4947
8689	5050
8690	1744
8691	1742
5246	2659
7873	2657
2889	2658
7872	2424
2887	2654
7874	2653
2886	2651
2885	2652
7869	5046
6160	5051
7870	5049
4	79	4	0	SEN4
2042	1906
2032	1907
2039	1909
2041	1902
8634	1899
2029	1896
2031	1888
2015	1683
1796	1684
2419	2270
2421	2253
2427	2255
2409	2256
5423	2278
2438	2279
2452	1752
2448	2288
3044	2871
3047	2805
2999	2806
3008	2820
3048	2822
3035	2863
3057	2864
3054	2876
54759	2969
3166	2965
3158	2966
3161	2936
3139	2938
3204	2991
3196	2992
5942	4958
8458	4957
5941	4955
5939	4956
7889	4900
7890	4890
5773	4757
5501	4756
8721	4755
5962	4901
5792	4756
5501	4757
5773	4890
7890	4900
7889	4956
5939	4955
5941	4957
8458	4958
5942	2992
5940	2978
6150	5045
8231	2950
3147	2951
3168	2967
3160	2841
3020	2842
3062	2879
3059	2865
3039	2810
3003	2812
3091	2911
3098	1755
3032	2859
3045	1753
1838	1754
2451	2283
2441	2267
2416	2263
2414	2264
2425	2272
2422	2273
5385	4684
5384	2271
2420	1693
1802	1677
2021	1897
2033	1908
5	46	4	0	EVA5
5778	2561
2765	2545
2766	2553
7914	2548
2747	2547
2759	2549
2763	2550
2750	2552
2779	1766
2778	2564
2772	2562
2776	2412
2616	2413
2908	2682
8536	4901
5792	4756
5501	4757
5773	4890
7890	4900
5820	4771
8711	4898
5811	4757
5501	4756
8721	4755
5962	4901
5792	4756
5501	4757
5773	4890
7890	4900
5820	4771
8711	4898
5811	4757
5501	4756
8721	4755
8722	2431
8723	4965
7888	1741
1831	1740
2752	2545
2765	2561
5778	4893
5957	4964
8715	5056
8716	4951
5934	4895
5958	4893
6	51	4	0	SEN6
2734	2541
7974	2534
2728	2535
7973	4968
5966	2542
2740	2502
2691	2503
7901	2556
5956	2505
2694	2498
2689	2499
2757	2547
2759	2549
2763	2550
2749	2551
2780	1734
1827	1735
3206	2982
3187	2983
3192	2769
8828	5761
8827	4954
5937	2768
2977	2769
3192	2983
5831	2984
5834	2994
3203	1771
1849	1768
2753	2555
2760	2560
2762	2559
2758	2509
2696	1730
2715	2498
2694	2505
5956	2556
7901	2503
2691	2502
2740	2542
5966	4968
7973	2535
2728	2534
7974	2541
2734	2538
2730	2402
2610	2403
7879	2655
7876	2405
2611	2404
2731	2538
7	176	4	0	EVA7
7584	4649
5088	1524
1713	1525
4953	4526
4951	4524
4949	4470
4864	4471
4948	4523
4947	4466
4862	4467
4909	4482
4874	4483
4888	4487
4883	4488
4886	4326
4714	4327
4810	4423
4807	4419
4802	4420
4804	4357
4728	4358
4749	4380
4753	4379
4743	4371
4734	4372
4741	4377
4738	1633
1776	1634
4344	3992
4341	3985
4334	3986
4338	3990
7621	3967
4309	1652
4331	3980
4328	3970
4311	3971
4326	3976
4317	3977
4320	3973
4322	3776
4114	3778
4315	3774
4112	3775
4244	3913
4253	3909
4241	3910
4248	3915
4246	3859
4190	3860
4232	3895
4222	3881
4205	3880
4215	3853
4185	3854
4197	3868
4196	3867
4195	1603
1759	1605
3655	3359
3649	3335
3607	3336
3633	3349
3635	2795
2995	2796
3536	3261
3526	3262
3528	3103
3346	3104
3448	3196
3476	3214
3463	3208
3459	3209
3468	3085
3335	3086
3407	3154
3402	3147
3384	3148
3387	2771
2980	2732
2956	2733
5515	2776
5516	2731
5517	4765
5842	3132
5843	3127
5844	4917
5845	4918
7894	4915
5846	2768
5937	4954
5938	4955
5939	4956
7889	4900
5789	3133
3362	2768
5846	4915
7894	4918
5845	4917
5844	3127
3358	3128
5633	3131
3361	3132
3364	2770
3350	2727
3385	3143
3381	3144
3396	3152
3406	3076
3330	3078
3464	3205
3457	3206
3460	3210
3471	3192
3444	3092
3339	3093
3521	3258
3522	3259
3531	2783
2988	2784
3634	3348
3632	3331
3605	3332
3645	1568
1739	1566
4194	3847
4182	3848
4212	3869
4198	3870
4224	3889
4218	3855
4186	3856
4247	3914
4245	3904
4238	3905
4252	3911
4242	3763
4106	3765
4318	3978
4323	3974
4314	3975
4316	3968
4310	3969
4330	3979
4327	3965
4308	3966
4337	3987
4335	3983
4332	3984
4342	3991
4340	1612
1763	1613
4737	4376
4740	4366
4731	4367
4742	4378
4752	4382
4748	4344
4721	4345
4803	4421
4805	4415
4800	4416
4808	4422
4806	4311
4704	4312
4885	4490
4887	4484
4880	4474
4869	4475
4906	4498
4915	4461
4859	4462
4946	4522
5154	4471
4866	1526
1714	1527
8	146	4	0	EVA8
7610	4348
4723	4349
4778	4408
4780	4398
4772	4403
4789	4405
4790	4402
4774	4167
4562	4168
4693	4306
4691	4259
4628	4260
4671	4293
4677	4248
4622	4249
4647	4279
4646	4272
4632	4273
4638	4183
8566	4184
8567	4278
8568	4193
4599	4226
4602	4228
4603	1629
1773	1630
4325	3778
4315	3774
4112	3775
4244	3913
4253	3909
4241	3910
4248	3915
4246	3859
4190	3860
4232	3895
4222	3881
4205	3880
4215	3853
4185	3854
4197	3868
4196	3867
4195	1603
1759	1605
3655	3359
3649	3335
3607	3336
3633	3349
3635	2795
2995	2796
3536	3261
3526	3262
3528	3103
3346	3104
3448	3196
3476	3214
3463	3208
3459	3209
3468	3085
3335	3086
3407	3154
3402	3147
3384	3148
3387	2771
2980	2732
2956	2733
5515	2776
5516	2731
5517	4765
5842	3132
5843	3127
5844	4917
5845	4918
7894	4915
5846	2768
5937	4954
5938	4955
5939	4956
7889	4900
5789	3133
3362	2768
5846	4915
7894	4918
5845	4917
5844	3127
3358	3128
5633	3131
3361	3132
3364	2770
3350	2727
3385	3143
3381	3144
3396	3152
3406	3076
3330	3078
3464	3205
3457	3206
3460	3210
3471	3192
3444	3092
3339	3093
3521	3258
3522	3259
3531	2783
2988	2784
3634	3348
3632	3331
3605	3332
3645	1568
1739	1566
4194	3847
4182	3848
4212	3869
4198	3870
4224	3889
4218	3855
4186	3856
4247	3914
4245	3904
4238	3905
4252	3911
4242	3763
4105	3764
4312	3972
4324	1610
1762	1611
4633	4190
4572	4179
4566	4180
4639	4276
4635	4275
4644	4270
4631	4271
4645	4240
4617	4241
4673	4290
4668	4252
4624	4253
4692	4305
4690	4161
4559	4162
4768	4399
4773	4404
4777	4407
4779	4350
4724	4351
9	43	4	0	EVA9
2408	2254
2436	1937
2074	1687
1798	1688
2719	2520
2709	2521
2724	2533
2722	2498
2689	2499
2757	2547
2759	2549
2763	2550
2749	2551
2780	1734
1827	1735
3206	2982
3187	2983
3192	2769
8828	5761
8827	4954
5937	2768
2977	2769
3192	2983
5831	2984
5834	2994
3203	1771
1849	1768
2753	2555
2760	2560
2762	2559
2758	2509
2696	1730
2723	2528
2725	2527
2713	2522
2710	2523
2720	1689
1799	1690
2437	2262
2413	2255
2424	2264
2425	2272
2426	2253
10	41	4	0	EVA10
3426	3179
3432	3182
3428	3183
3430	3125
3357	3126
3371	3137
3377	3135
3368	3136
3372	3131
3361	3132
5843	3127
5844	4917
5845	4918
7894	4915
5846	2768
5937	4954
5938	4955
5939	4956
7889	4900
5789	3133
3362	2768
5846	4915
7894	4918
5845	4917
5844	3127
3358	3128
3360	3130
3366	3134
3376	3139
3370	3140
54645	3184
3429	3180
3427	3181
3433	3176
3425	3177
3435	3185
3438	3083
54600	3187
3439	3107
3437	3186
3436	3178
11	63	4	0	EVA11
8146	3656
3947	3654
3946	3655
6117	3493
3990	3688
6149	3644
4007	3691
3999	3692
4001	3696
4002	1599
1756	1600
2949	2717
2944	2718
2947	2719
2946	2646
2882	2647
2941	2710
2933	2672
2896	2667
2893	2668
2911	2685
2910	2686
5777	4891
5774	4892
5819	4771
5820	4900
5789	3133
3362	2768
5937	4954
8827	5761
8828	2769
3192	2983
5831	2984
5834	2994
3202	2948
3146	2949
8462	2940
3199	1772
1851	1774
2771	2563
2781	2414
2617	2415
2915	2669
2894	2663
2907	2665
2892	2666
2928	2704
2940	2643
2880	2644
2945	2715
2943	2716
2948	2720
2950	1544
1724	1545
4000	3695
4004	3652
3945	3653
6357	3687
3989	3494
3995	3647
6244	3646
3941	3546
3949	3657
13	78	4	0	EVA13
4116	3782
4146	3823
5165	3822
8611	3819
8612	3270
8613	1557
8614	1558
8615	3237
3493	3238
3512	3249
3498	3250
3503	3256
3504	3106
3349	3107
3437	3186
3436	3178
3426	3179
3432	3182
3428	3183
3430	3125
3357	3126
3371	3137
3377	3135
3368	3136
3372	3131
3361	3132
5843	3127
5844	4917
5845	4918
7894	4915
5846	2768
5937	4954
5938	4955
5939	4956
7889	4900
5789	3133
3362	2768
5846	4915
7894	4918
5845	4917
5844	3127
3358	3128
5633	3131
3361	3132
3364	2770
3350	2727
3385	3143
3381	3144
3396	3152
3406	3076
3330	3078
3464	3205
3457	3206
3460	3210
3470	3089
3337	3090
3338	3091
3497	3248
3518	3252
3514	3233
3491	3234
3544	3218
7689	3268
3545	1558
5645	3267
3549	3271
3548	1555
1732	1556
4139	3787
5166	3821
5167	3791
4121	3792
4130	3805
4135	3807
4132	3783
5389	3785
4134	3810
4136	3781
14	41	4	0	EVA14
5328	2832
3236	3011
3234	2854
3027	2855
3182	2977
3181	2846
3172	2971
3179	2970
3178	2975
3174	2943
3142	2944
7829	4688
5393	4687
5395	2935
5394	2952
3207	2995
5833	2984
5831	2983
3192	2769
8828	5761
8827	4954
5937	2768
2977	2769
3192	2983
5831	2984
5833	2995
3207	2952
5394	2935
5395	4687
5393	4688
7829	2944
5945	2957
3220	3000
7783	3002
5944	3003
3223	3004
3225	2850
3153	2848
3024	2849
3237	3012
3235	2852
15	90	4	0	EVA15
4177	3846
4180	3842
4170	3843
4173	3845
4174	3799
4126	3800
4151	3828
4153	3813
4138	3814
4149	3816
4148	3820
4143	1601
1757	1602
3551	3269
3546	3239
3494	3240
3515	3231
3519	3236
3501	3254
3505	3099
3344	3100
3477	3213
3462	3208
3459	3209
3468	3085
3335	3086
3407	3154
3402	3147
3384	3148
3387	2771
2980	2732
2956	2733
5515	2776
5516	2731
5517	4765
5842	3132
5843	3127
5844	4917
5845	4918
7894	4915
5846	2768
5937	4954
5938	4955
5939	4956
7889	4900
5789	3133
3362	2768
5846	4915
7894	4918
5845	4917
5844	3127
3358	3128
5633	3131
3361	3132
3364	2770
3350	2727
3385	3143
3381	3144
3396	3152
3406	3076
3330	3078
3464	3205
3457	3206
3460	3210
3470	3089
3337	3090
3338	3091
3497	3248
3518	3252
3514	3233
3491	3234
3544	3218
3550	1559
1734	1560
4145	3817
4141	3818
5168	3824
5169	3811
4137	3812
4152	3826
4150	3827
4154	3793
4122	3794
4172	3839
4168	3840
4179	3797
4175	3802
4128	3750
5656	3771
4125	3798
16	120	4	0	NSEN1N
5941	4957
8458	4958
5942	2992
5940	2978
6150	5045
8231	2950
3147	2951
3168	2967
3160	2841
3020	2842
3062	2879
3058	2868
3040	2808
3001	2809
3084	2109
54757	2110
54756	1763
1844	1764
2468	1963
2091	1964
2549	2365
2547	2354
2537	2356
2565	2368
2553	2360
2540	2361
2544	6580
2477	6581
2506	6586
2503	6583
2486	2329
2492	6584
2496	6577
2094	2168
2314	6570
2279	6571
2310	6573
2294	2157
2235	6559
2253	6566
2252	6563
2246	6564
2249	6556
25	893
1036	6540
966	6425
58315	6554
1049	949
1051	6542
968	6543
998	6551
1000	6547
975	907
982	6549
989	6536
609	6537
775	736
812	765
813	737
778	739
797	660
683	661
749	713
753	714
750	680
701	681
722	300
266	299
472	479
470	470
456	471
462	439
420	440
448	461
439	452
429	453
432	455
431	354
382	410
372	411
379	418
8209	388
347	389
359	400
366	401
360	402
6415	5186
6416	5187
58304	5260
6473	5257
6469	5258
58313	5196
6470	2683
8481	2684
6425	5201
56882	5202
56883	6855
56885	6871
58361	7209
56814	5138
56821	753
56826	56826
56841	10554
58371	9176
56842	6428
56852	6966
56854	6967
56855	6972
56857	6890
56858	6011
56940	6756
56864	6832
58344	6864
56878	5963
56904	5914
56905	5915
56890	5206
56892	5856
60001	10001
60002	10003
17	208	4	0	BRSEN1N
8826	2979
3184	2978
6150	5045
8231	2950
3147	2951
3168	2967
3160	2841
3020	2842
3062	2879
3058	2868
3040	2808
3001	2809
3084	2109
54757	2110
54756	1763
1844	1764
2468	1963
2091	1964
2549	2365
2547	2354
2537	2356
2565	2368
2553	2360
2540	2361
2544	6580
2477	6581
2506	6586
2503	6583
2486	2329
2492	6584
2496	6577
2094	2168
2314	6570
2279	6571
2310	6573
2294	2157
2235	6559
2253	6566
2252	6563
2246	6564
2249	6556
25	893
1036	6540
966	6425
58315	6554
1049	949
1051	6542
968	6543
998	6551
1000	6547
975	907
982	6549
989	6536
609	6537
775	736
812	765
813	737
778	739
797	660
683	661
749	713
753	714
750	680
701	681
722	300
266	299
472	479
470	470
456	471
462	439
420	440
448	461
439	452
429	453
432	455
431	354
382	410
372	411
379	418
8209	388
347	389
359	400
366	401
360	402
6415	5186
6416	5187
58304	5260
6473	5257
6468	5188
6417	5189
6471	5182
58307	5183
58299	5216
58296	5192
6419	5193
54827	6496
54830	6497
54825	5194
6420	5195
54833	5234
6448	5235
54816	5601
54821	5236
6449	5237
54818	6488
54823	6017
57185	6018
57180	6014
57181	2226
56989	2227
57522	5529
57526	5531
57523	5532
57524	2908
57525	4699
57478	4700
57521	1694
57502	1695
57513	6175
57489	2281
57493	6098
57481	6096
57483	6020
57187	6021
57435	2917
57439	2918
57436	6100
57437	2232
57438	2233
57375	2877
57415	2883
57411	5504
57388	5301
58273	5947
57398	6043
57379	5335
57382	5336
57383	5627
57372	1930
57200	5881
57282	5923
57284	5789
57280	5790
57244	5823
57267	5924
57254	5219
58271	5220
57240	5952
57205	5817
57236	5815
57235	5816
57214	5895
57220	5875
57218	5876
57224	5210
58267	5211
57298	5858
57294	5853
57296	5854
56991	5085
57005	5940
57007	5929
57006	5930
57004	5932
57034	6421
57033	6422
57037	7017
57036	7016
57035	7026
57038	4807
57009	4808
57018	5813
57012	5814
57026	5705
57023	5678
56994	5847
57106	7020
57109	7059
57111	7058
57110	6895
57047	6894
57166	6800
57165	6799
57044	6900
57080	7019
57079	6954
57076	6953
57075	6961
57078	6812
57077	6811
57053	6886
57049	6906
57066	6889
57056	6888
57057	6826
57063	6825
57058	6823
57060	6822
56996	5938
56999	6027
56984	6188
57555	6131
57537	6130
57542	6170
57544	5333
57547	6126
60012	10011
60013	10012
42	121	4	0	W2R
5326	3663
5324	1660
5290	1661
8164	6290
8537	2438
5291	2437
5292	2628
8167	2627
5317	2632
5293	2586
5294	2587
8197	2601
2831	2588
5295	2589
8193	6298
54688	6460
54682	2596
5309	2439
5296	2440
5310	2489
54691	2462
5297	2463
8108	1785
5298	1786
6288	1879
5302	1878
5303	1872
1998	1873
2006	1876
2004	1097
1232	1098
1323	1203
1319	1196
1307	1197
1317	1136
1256	1137
1406	1253
1371	1254
1394	1279
1392	1266
1378	1267
1389	1275
1384	1148
1387	1205
5221	1207
1382	1209
1330	1210
8119	1146
5205	1244
1363	1206
1328	1207
1382	1209
1377	1265
1395	1270
1380	1271
1399	1280
1397	1251
1370	1252
1416	1290
1412	1257
1418	1262
1403	6277
1422	6705
1424	1259
1221	6703
2655	6708
2651	6275
2653	6709
2641	2460
2662	1785
5298	1786
6288	1879
5302	1878
5223	1870
1997	1871
2000	1852
6050	1095
1231	1096
6052	1185
1311	1198
1308	1199
1310	1187
1301	1188
1314	1189
1313	1201
1315	1136
5208	1150
1263	1151
1304	1192
1322	1202
1318	1081
1219	1082
2005	1875
2003	1869
1996	1787
5299	1788
6289	2475
2664	2460
5226	2461
8110	6273
8109	2478
5227	2488
54692	2441
5305	2442
5307	2590
5312	2591
54683	6461
54689	6299
8194	2598
2830	2592
5313	2593
8198	6293
8173	2615
5315	2622
5318	2629
8174	1662
5321	1664
8538	3568
5325	3665
6291	3673
3974	3682
45	89	4	0	W3
2828	2592
2827	2577
2789	2572
2786	2573
2841	2607
2834	2426
2837	2610
2839	2609
2836	1099
1236	1100
1507	1333
1505	1334
1510	1326
1492	1327
8759	1330
8760	1323
8761	1324
8762	1329
1494	1308
8763	1309
8764	1318
5204	1320
8765	6732
8766	1314
8767	1315
54675	1316
8768	1215
8769	1216
1435	1296
1427	1297
1432	1301
1430	1261
1375	1262
1421	1292
1414	1293
1415	1284
1402	1285
1408	1152
1264	1151
5207	1197
1316	1191
1303	1190
1321	1195
1320	1193
1305	1194
1312	1200
1309	1096
1231	1095
1999	1874
8098	1871
2000	1852
6050	1095
1231	1096
6052	1185
1311	1198
1308	1199
1310	1187
1301	1188
1314	1189
1313	1201
1315	1136
5208	1150
1263	1151
1304	1192
1322	1202
1318	1081
1219	1082
2005	1875
2003	1869
1996	1787
5299	1788
6289	2475
2664	2460
5226	2461
8110	6273
8109	2478
5227	2488
54696	6310
54694	2441
5306	2440
54693	6309
8258	2444
2608	2399
2606	1298
8179	1802
6064	1801
2607	886
54778	885
2817	2601
47	109	4	0	W8
6314	1391
1238	1390
5198	1394
8182	1113
5197	1112
3883	3580
3889	3607
3886	3592
3869	3593
3896	3611
3898	3572
3858	3573
8154	3586
3922	3626
3919	3627
3921	3621
3911	3622
3915	3624
3916	1104
1240	1105
1585	1414
54782	1415
1595	1423
1593	1422
1588	1393
1557	1394
1568	1403
1566	1399
1561	1400
1564	1401
1563	1125
1250	1126
1501	1327
8759	1330
8760	1323
8761	1324
8762	1329
1494	1308
8763	1309
8764	1318
5204	1320
8765	6732
8766	1314
8767	1315
54675	1316
8768	1215
8769	1216
1435	1296
1427	1297
1432	1301
1430	1261
1375	1262
1421	1292
1414	1293
1415	1284
1402	1285
1408	1152
1264	1151
5207	1197
1316	1191
1303	1190
1321	1195
1320	1193
1305	1194
1312	1200
1309	1096
1231	1095
1999	1874
8098	1871
2000	1852
6050	1095
1231	1096
6052	1185
1311	1198
1308	1199
1310	1187
1301	1188
1314	1189
1313	1201
1315	1136
5208	1150
1255	1288
1410	1287
1407	1282
1401	1283
1411	1289
1420	1257
1373	1258
1431	1300
1429	1294
1426	1295
1433	1213
1434	1211
1331	1212
1468	1218
1462	1313
1479	1319
5203	1317
1476	1306
1454	1307
1493	1328
1495	1321
1489	1322
1499	1331
1498	1332
5202	1310
1457	1311
8187	1118
1246	1119
48	124	4	0	E1
3117	1781
1856	1780
2469	2301
5740	4873
5741	4874
7820	4875
5743	2888
3101	1759
3087	1705
8512	2824
8511	2859
3032	1755
1839	1756
7821	4960
5949	4961
6189	2297
5241	2292
8799	2293
8801	1949
8808	1950
8810	796
54799	882
8811	2071
54797	2088
8812	2089
54663	6473
54657	6520
54658	6466
54647	6462
54648	6463
54660	2090
2204	2084
2208	2007
2115	2008
2160	2035
2139	2036
2152	2044
2150	2040
2145	2041
2148	33
24	34
953	849
54773	791
54772	792
54771	874
943	871
926	864
921	865
934	789
827	786
6002	4984
6004	772
870	820
8003	309
869	819
8005	823
890	822
889	832
886	833
894	786
891	779
822	780
929	859
918	860
939	847
901	791
54773	849
953	34
951	876
947	877
958	17
605	593
1015	928
1013	921
1008	922
1033	934
1022	935
1031	41
1027	891
965	892
1070	43
1065	955
1076	941
1078	963
1077	956
1066	957
1081	19
14	20
2258	2133
2261	2128
2255	2129
2264	2135
2267	2105
2232	2106
2330	2181
2329	2182
2340	2188
2337	2169
2322	2170
2361	2198
2359	1957
2088	1958
2513	2331
2507	2332
2523	2344
2521	2308
2475	2309
2585	2387
2581	2381
2577	2382
2597	2318
2481	2319
2573	2370
2561	2373
2558	2359
2539	2358
2548	2364
2546	1977
2101	1979
5739	2302
2470	2301
2469	1780
1856	1781
3117	2722
50	80	4	0	E2
3072	2893
54780	1761
1843	1762
54779	1703
8797	2299
8798	2292
8799	2293
8801	1949
8808	1950
8810	796
54799	882
8811	2071
54797	2088
8812	2089
2215	2090
2204	2084
2208	2007
2115	2008
2160	2035
2139	2036
2152	2044
2150	2040
2145	2041
2148	33
24	34
953	849
54773	791
54772	792
54771	874
943	871
926	864
921	865
934	789
827	786
6002	4984
6004	772
870	820
8003	309
869	819
8005	823
890	822
889	832
886	833
894	786
891	779
822	780
929	859
918	860
939	847
901	791
54773	849
953	34
24	33
2147	15
54774	16
2144	2039
2149	2043
2151	2027
2135	2030
2159	1998
2110	1999
2207	2080
2201	2081
2212	2070
2189	2071
8811	882
54799	796
54800	797
2081	1948
2406	2250
2460	2295
2464	2297
2462	2298
54669	1704
1810	1706
3083	1762
1843	1761
54780	2893
54781	2919
3128	2892
52	68	4	0	E3
2410	2258
2430	1834
2373	2212
2387	2225
2384	1961
2090	1962
2183	2006
2177	2056
2180	2049
2164	2048
56975	2055
2173	2052
2166	2000
2111	2001
2129	2023
2130	2022
2127	2019
2122	2020
2124	2014
2119	27
20	10577
879	10563
881	311
272	310
271	309
869	819
8005	823
890	822
889	832
886	833
894	786
6002	4984
6004	772
870	820
8003	309
271	310
6005	288
259	289
880	10566
876	10576
9	12
2123	2012
2118	2013
2125	2017
2121	2018
2126	2021
2128	1989
2105	1990
8584	2054
8585	2050
2167	2053
2172	2047
2163	2048
2164	2049
2180	2056
2176	2057
2182	2059
2380	2219
2383	2224
2385	2203
2368	1835
2432	2259
2411	2260
2423	2272
2426	2253
2427	2255
2424	2264
2428	2257
54	104	4	0	NSEN1E
8003	309
869	819
8005	823
890	822
889	832
886	833
894	786
891	779
822	780
929	859
918	860
939	847
901	791
54773	849
953	34
951	876
947	877
958	17
605	593
1015	928
1013	921
1008	922
1033	934
1022	935
1031	41
1027	891
965	892
1071	961
1075	958
1073	944
1041	945
1048	949
1051	6542
968	6543
998	6551
1000	6547
975	907
982	6549
989	6536
609	6537
775	736
812	765
813	737
778	739
797	660
683	661
749	713
753	714
750	680
701	681
722	300
266	299
472	479
470	470
456	471
462	439
420	440
448	461
439	452
429	453
432	455
431	354
382	410
372	411
379	418
8209	388
347	389
359	400
366	401
360	402
6415	5186
6416	5187
58304	5260
6473	5257
6469	5258
58313	5196
6470	2683
8481	2684
6425	5201
56882	5202
56883	6855
56885	6871
58361	7209
56814	5138
56821	753
56826	56826
56841	10554
58371	9176
56842	6428
56852	6966
56854	6967
56855	6972
56857	6890
56858	6011
56940	6756
56864	6832
58344	6864
56878	5963
56904	5914
56905	5915
56890	5206
56892	5856
60001	10001
60002	10003
55	194	4	0	BRSEN1E
8003	309
869	819
8005	823
890	822
889	832
886	833
894	786
891	779
822	780
929	859
918	860
939	847
901	791
54773	849
953	34
951	876
947	877
958	17
605	593
1015	928
1013	921
1008	922
1033	934
1022	935
1031	41
1027	891
965	892
1071	961
1075	958
1073	944
1041	945
1048	949
1051	6542
968	6543
998	6551
1000	6547
975	907
982	6549
989	6536
609	6537
775	736
812	765
813	737
778	739
797	660
683	661
749	713
753	714
750	680
701	681
722	300
266	299
472	479
470	470
456	471
462	439
420	440
448	461
439	452
429	453
432	455
431	354
382	410
372	411
379	418
8209	388
347	389
359	400
366	401
360	402
6415	5186
6416	5187
58304	5260
6473	5257
6468	5188
6417	5189
6471	5182
58307	5183
58299	5216
58296	5192
6419	5193
54827	6496
54830	6497
54825	5194
6420	5195
54833	5234
6448	5235
54816	5601
54821	5236
6449	5237
54818	6488
54823	6017
57185	6018
57180	6014
57181	2226
56989	2227
57522	5529
57526	5531
57523	5532
57524	2908
57525	4699
57478	4700
57521	1694
57502	1695
57513	6175
57489	2281
57493	6098
57481	6096
57483	6020
57187	6021
57435	2917
57439	2918
57436	6100
57437	2232
57438	2233
57375	2877
57415	2883
57411	5504
57388	5301
58273	5947
57398	6043
57379	5335
57382	5336
57383	5627
57372	1930
57200	5881
57282	5923
57284	5789
57280	5790
57244	5823
57267	5924
57254	5219
58271	5220
57240	5952
57205	5817
57236	5815
57235	5816
57214	5895
57220	5875
57218	5876
57224	5210
58267	5211
57298	5858
57294	5853
57296	5854
56991	5085
57005	5940
57007	5929
57006	5930
57004	5932
57034	6421
57033	6422
57037	7017
57036	7016
57035	7026
57038	4807
57009	4808
57018	5813
57012	5814
57026	5705
57023	5678
56994	5847
57106	7020
57109	7059
57111	7058
57110	6895
57047	6894
57166	6800
57165	6799
57044	6900
57080	7019
57079	6954
57076	6953
57075	6961
57078	6812
57077	6811
57053	6886
57049	6906
57066	6889
57056	6888
57057	6826
57063	6825
57058	6823
57060	6822
56996	5938
56999	6027
56984	6188
57555	6131
57537	6130
57542	6170
57544	5333
57547	6126
60012	10011
60013	10012
58	185	4	0	NSEN1W
1218	6689
1963	6700
1979	6702
1981	6269
1969	1855
1972	6693
1864	6694
1911	6390
1909	6698
1903	6267
1905	6699
1907	6304
1875	6688
1888	5010
1880	6683
1885	6685
1882	6686
1884	6676
16	6677
536	6679
525	6680
530	6481
528	6646
521	6647
54881	526
54883	519
533	533
54451	518
54450	525
519	522
514	523
516	488
478	489
497	507
498	504
492	505
494	495
482	496
489	483
490	499
484	500
486	281
254	282
310	348
311	345
305	346
307	335
295	336
303	339
297	340
301	342
299	315
275	316
293	332
292	329
287	330
289	319
277	320
285	326
284	323
279	324
281	55
33	56
166	175
134	176
170	206
171	204
168	205
169	177
135	178
160	200
162	171
132	172
155	197
154	194
149	195
151	183
138	184
142	190
146	187
140	188
144	191
145	83
47	84
96	138
92	139
94	124
74	122
73	123
83	133
82	131
84	129
77	117
70	118
88	134
86	102
90	104
59	105
66	96
54	97
60	106
107	157
108	153
105	154
110	158
111	141
98	142
117	163
120	160
115	161
122	145
100	146
124	165
125	166
130	81
46	82
158	198
156	87
49	88
187	224
184	222
182	217
179	218
180	219
188	213
177	214
195	231
193	227
191	228
197	207
173	208
211	244
210	233
199	234
216	248
218	236
203	239
227	249
219	250
222	255
238	262
241	211
175	53
32	54
350	394
353	390
348	391
356	396
354	378
342	379
6336	402
6415	5186
6416	5187
58304	5260
6473	5257
6469	5258
58313	5196
6470	2683
8481	2684
6425	5201
56882	5202
56883	6855
56885	6871
58361	7209
56814	5138
56821	753
56826	56826
56841	10554
58371	9176
56842	6428
56852	6966
56854	6967
56855	6972
56857	6890
56858	6011
56940	6756
56864	6832
58344	6864
56878	5963
56904	5914
56905	5915
56890	5206
56892	5856
60001	10001
60002	10003
60	275	4	0	BRSEN1W
1218	6689
1963	6700
1979	6702
1981	6269
1969	1855
1972	6693
1864	6694
1911	6390
1909	6698
1903	6267
1905	6699
1907	6304
1875	6688
1888	5010
1880	6683
1885	6685
1882	6686
1884	6676
16	6677
536	6679
525	6680
530	6481
528	6646
521	6647
54881	526
54883	519
533	533
54451	518
54450	525
519	522
514	523
516	488
478	489
497	507
498	504
492	505
494	495
482	496
489	483
490	499
484	500
486	281
254	282
310	348
311	345
305	346
307	335
295	336
303	339
297	340
301	342
299	315
275	316
293	332
292	329
287	330
289	319
277	320
285	326
284	323
279	324
281	55
33	56
166	175
134	176
170	206
171	204
168	205
169	177
135	178
160	200
162	171
132	172
155	197
154	194
149	195
151	183
138	184
142	190
146	187
140	188
144	191
145	83
47	84
96	138
92	139
94	124
74	122
73	123
83	133
82	131
84	129
77	117
70	118
88	134
86	102
90	104
59	105
66	96
54	97
60	106
107	157
108	153
105	154
110	158
111	141
98	142
117	163
120	160
115	161
122	145
100	146
124	165
125	166
130	81
46	82
158	198
156	87
49	88
187	224
184	222
182	217
179	218
180	219
188	213
177	214
195	231
193	227
191	228
197	207
173	208
211	244
210	233
199	234
216	248
218	236
203	239
227	249
219	250
222	255
238	262
241	211
175	53
32	54
350	394
353	390
348	391
356	396
354	378
342	379
6336	402
6415	5186
6416	5187
58304	5260
6473	5257
6468	5188
6417	5189
6471	5182
58307	5183
58299	5216
58296	5192
6419	5193
54827	6496
54830	6497
54825	5194
6420	5195
54833	5234
6448	5235
54816	5601
54821	5236
6449	5237
54818	6488
54823	6017
57185	6018
57180	6014
57181	2226
56989	2227
57522	5529
57526	5531
57523	5532
57524	2908
57525	4699
57478	4700
57521	1694
57502	1695
57513	6175
57489	2281
57493	6098
57481	6096
57483	6020
57187	6021
57435	2917
57439	2918
57436	6100
57437	2232
57438	2233
57375	2877
57415	2883
57411	5504
57388	5301
58273	5947
57398	6043
57379	5335
57382	5336
57383	5627
57372	1930
57200	5881
57282	5923
57284	5789
57280	5790
57244	5823
57267	5924
57254	5219
58271	5220
57240	5952
57205	5817
57236	5815
57235	5816
57214	5895
57220	5875
57218	5876
57224	5210
58267	5211
57298	5858
57294	5853
57296	5854
56991	5085
57005	5940
57007	5929
57006	5930
57004	5932
57034	6421
57033	6422
57037	7017
57036	7016
57035	7026
57038	4807
57009	4808
57018	5813
57012	5814
57026	5705
57023	5678
56994	5847
57106	7020
57109	7059
57111	7058
57110	6895
57047	6894
57166	6800
57165	6799
57044	6900
57080	7019
57079	6954
57076	6953
57075	6961
57078	6812
57077	6811
57053	6886
57049	6906
57066	6889
57056	6888
57057	6826
57063	6825
57058	6823
57060	6822
56996	5938
56999	6027
56984	6188
57555	6131
57537	6130
57542	6170
57544	5333
57547	6126
60012	10011
60013	10012
73	72	4	0	NO16
3722	3422
3723	3388
3688	3389
3706	3398
5375	1579
1745	1580
5730	4867
5732	2393
2601	2318
2481	2319
2573	2370
2561	2373
2558	2359
2539	2358
2548	2364
2546	1977
2100	1978
2467	2300
2466	1707
1811	1708
3067	2887
3102	2910
3090	2904
3082	2825
3011	2826
3036	2864
3054	2876
54759	2969
3166	2965
3158	2966
3161	2936
3139	2938
3204	2991
3196	2992
5940	2978
3184	2979
8826	5761
8827	4954
5937	2768
2977	2769
8828	5761
8826	2979
3184	2978
6150	5045
8231	2950
3147	2951
3168	2967
3160	2841
3020	2842
3062	2879
3058	2868
3040	2808
3001	2809
3084	2109
54757	2110
54756	1763
1844	1764
2468	1963
2091	1964
2549	2365
2547	2354
2536	2355
54755	2378
2570	2374
2559	2312
2478	2313
2602	2392
2595	1715
2579	1536
1719	1537
3686	3385
3719	3420
75	81	4	0	NO17
6136	3879
4204	3880
4215	3853
4185	3854
4197	3868
4196	3867
4195	1603
1759	1605
3655	3359
3649	3335
3607	3336
3633	3349
3635	2795
2995	2796
3536	3261
3526	3262
3528	3103
3346	3104
3448	3196
3476	3214
3463	3208
3459	3209
3468	3085
3335	3086
3407	3154
3402	3147
3384	3148
3387	2771
2980	2732
2956	2733
5515	2776
5516	2731
5517	4765
5842	3132
5843	3127
5844	4917
5845	4918
7894	4915
5846	2768
5937	4954
5938	4955
5939	4956
7889	4900
5789	3133
3362	2768
5846	4915
7894	4918
5845	4917
5844	3127
3358	3128
5633	3131
3361	3132
3364	2770
3350	2727
3385	3143
3381	3144
3396	3152
3406	3076
3330	3078
3464	3205
3457	3206
3460	3210
3471	3192
3444	3092
3339	3093
3521	3258
3522	3259
3531	2783
2988	2784
3634	3348
3632	3331
3605	3332
3645	1568
1739	1566
4194	3847
4182	3848
4212	3869
4214	3873
4200	3874
5668	3893
4221	3894
77	207	4	0	ALSEN1N
3184	2978
6150	5045
8231	2950
3147	2951
3168	2967
3160	2841
3020	2842
3062	2879
3058	2868
3040	2808
3001	2809
3084	2109
54757	2110
54756	1763
1844	1764
2468	1963
2091	1964
2549	2365
2547	2354
2537	2356
2565	2368
2553	2360
2540	2361
2544	6580
2477	6581
2506	6586
2503	6583
2486	2329
2492	6584
2496	6577
2094	2168
2314	6570
2279	6571
2310	6573
2294	2157
2235	6559
2253	6566
2252	6563
2246	6564
2249	6556
25	893
1036	6540
966	6425
58315	6554
1049	949
1051	6542
968	6543
998	6551
1000	6547
975	907
982	6549
989	6536
609	6537
775	736
812	765
813	737
778	739
797	660
683	661
749	713
753	714
750	680
701	681
722	300
266	299
472	479
470	470
456	471
462	439
420	440
448	461
439	452
429	453
432	455
431	354
382	410
372	411
379	418
8209	388
347	389
359	400
366	401
360	402
6415	5186
6416	5187
58304	5260
6473	5257
6468	5188
6417	5189
6471	5182
58307	5183
58299	5216
58296	5192
6419	5193
54827	6496
54830	6497
54825	5194
6420	5195
54833	5234
6448	5235
54816	5601
54821	5236
6449	5237
54818	6488
54823	6017
57185	6018
57180	6014
57181	2226
56989	2227
57522	5529
57526	5531
57523	5532
57524	2908
57525	4699
57478	4700
57521	1694
57502	1695
57513	6175
57489	2281
57493	6098
57481	6096
57483	6020
57187	6021
57435	2917
57439	2918
57436	6100
57437	2232
57438	2233
57375	2877
57415	2883
57411	5504
57388	5301
58273	5947
57398	6043
57379	5335
57382	5336
57383	5627
57372	1930
57200	5881
57282	5923
57284	5789
57280	5790
57244	5823
57267	5924
57254	5219
58271	5220
57240	5952
57205	5817
57236	5815
57235	5816
57214	5895
57220	5875
57218	5876
57224	5210
58267	5211
57298	5858
57294	5853
57296	5854
56991	5085
57005	5940
57007	5929
57006	5930
57004	5932
57034	6421
57033	6422
57037	7017
57036	7016
57035	7026
57038	4807
57009	4808
57018	5813
57012	5814
57026	5705
57023	5678
56994	5847
57106	7020
57109	7059
57111	7058
57110	6895
57047	6894
57166	6800
57165	6799
57044	6900
57080	7019
57079	6954
57076	6953
57075	6961
57078	6812
57077	6811
57053	6886
57049	6906
57066	6889
57056	6888
57057	6826
57063	6825
57058	6823
57060	6822
56996	5938
56999	6027
56984	6188
57555	6131
57537	6130
57542	6170
57544	5333
57547	6126
60012	10011
60013	10012
79	68	4	0	50ext
763	724
765	717
755	718
758	719
756	720
760	577
594	578
664	637
663	590
603	589
861	805
843	806
866	777
821	778
911	853
913	841
897	842
945	875
950	881
956	34
953	849
54773	791
54772	792
54771	874
943	871
926	864
921	865
934	789
827	786
6002	4984
6004	772
870	820
8003	309
869	819
8005	823
890	822
889	832
886	833
894	786
891	779
822	780
929	859
918	860
939	847
901	791
54773	849
953	34
956	881
950	875
946	848
902	591
914	854
912	787
826	788
868	818
867	809
845	810
859	589
603	590
663	637
671	575
593	576
761	721
757	715
754	716
766	722
762	723
767	654
80	112	4	0	52EXT
6027	4997
54511	6491
54512	377
5128	376
314	6504
386	5485
384	6507
317	6508
422	6519
54363	4987
320	6509
392	6513
394	4988
388	6394
402	6516
410	432
403	428
407	424
391	425
399	427
398	426
396	270
247	271
624	36
627	621
626	616
620	617
634	611
615	612
645	627
641	628
643	630
647	623
639	624
650	633
651	292
262	293
509	514
507	511
502	512
504	513
503	486
477	487
555	543
558	545
551	546
560	551
561	539
545	540
578	560
575	561
54348	6480
54347	564
582	553
571	554
573	557
584	565
586	288
6005	310
271	309
869	819
8005	823
890	822
889	832
886	833
894	786
6002	4984
6004	772
870	820
8003	309
271	310
587	566
585	558
574	559
583	555
572	556
576	562
54343	6479
54344	563
580	541
548	542
563	552
562	547
552	548
559	549
556	550
557	491
480	492
505	509
501	510
506	284
508	286
257	287
652	632
649	625
640	626
648	567
642	629
644	631
646	613
617	609
614	610
635	618
622	619
628	35
625	290
260	291
397	422
401	425
6040	4996
6039	5009
6514	4999
90	35	4	0	McMain
2719	2520
2709	2521
2724	2533
2722	2498
2689	2499
2757	2547
2759	2549
2763	2550
2749	2551
2780	1734
1827	1735
3206	2982
3187	2983
3192	2769
8828	5761
8827	4954
5937	2768
2977	2769
3192	2983
5831	2984
5834	2994
3203	1771
1849	1768
2753	2555
2760	2560
2762	2559
2758	2509
2696	1730
2723	2528
2725	2527
2713	2522
2710	2523
2720	1689
1855	1687
1798	1688
105	46	4	0	Dry
7885	5055
6166	4964
5957	4893
5778	2561
2765	2545
2766	2553
7914	2548
2747	2547
2759	2549
2763	2550
2749	2551
2780	1734
1827	1735
3206	2982
3187	2983
3192	2769
8828	5761
8827	4954
5937	2768
2977	2769
3192	2983
5831	2984
5834	2994
3203	1771
1849	1768
2753	2555
2760	2560
5954	2547
2747	2548
7914	2553
2766	2545
2765	2561
5778	4893
5957	4964
6166	5055
7885	2510
2768	2408
2613	2409
2902	2680
2903	2674
2898	2675
5247	2679
2904	2676
2899	2427
2627	2428
2767	2510
148	113	4	0	jeff
685	664
691	667
689	668
693	643
672	644
704	686
709	296
706	690
715	671
695	672
742	710
745	649
676	650
784	741
782	735
774	734
810	762
809	761
58323	583
58324	596
607	595
991	912
993	909
983	585
974	902
1001	915
997	887
962	888
1047	948
1054	941
1038	940
1072	899
972	900
1026	920
1024	930
1019	934
1017	926
1011	927
1014	929
1016	605
613	606
957	878
948	876
951	34
953	849
54773	791
54772	792
54771	874
943	871
926	864
921	865
934	789
827	786
6002	4984
6004	772
870	820
8003	309
869	819
8005	823
890	822
889	832
886	833
894	786
891	779
822	780
929	859
918	860
939	847
901	791
54773	849
953	34
951	876
947	877
958	17
605	593
1015	928
1013	921
1008	922
1033	934
1022	935
1031	41
1027	891
965	892
1070	43
1065	955
1076	941
1055	950
1050	897
970	898
1003	916
999	903
976	585
983	909
993	912
991	595
607	596
58324	583
58323	761
809	762
810	734
774	735
782	741
785	656
681	657
746	711
743	712
5985	672
7510	709
741	708
8011	645
673	607
7502	663
684	662
