172.196	40.084045	-83.073848	0.0	0.035556	
172.704	40.084045	-83.073848	0.0	0.034468	
173.214	40.084045	-83.073848	0.0	0.063791	
173.7	40.084045	-83.073848	0.0	0.031896	
174.216	40.084045	-83.073848	0.0	0.086667	
174.704	40.084045	-83.073847	0.0	0.058132	
175.223	40.084046	-83.073848	0.0	0.053889	
175.723	40.084046	-83.073847	0.0	0.016462	
176.24	40.084045	-83.073847	0.0	0.034167	
176.725	40.084045	-83.073847	0.0	0.043213	
177.216	40.084044	-83.073847	0.0	0.02	
177.741	40.084044	-83.073847	0.0	0.02	
178.233	40.084042	-83.073848	0.0	0.243332	
178.734	40.084042	-83.07385	0.0	0.473289	
179.246	40.08404	-83.073856	259.16	1.165833	
179.749	40.084039	-83.073863	258.65	1.636448	
180.284	40.084038	-83.073874	261.51	2.249666	
180.763	40.084037	-83.073886	261.88	2.522778	
181.271	40.084035	-83.073909	265.92	2.427222	
181.773	40.084033	-83.073924	266.82	2.18536	
182.275	40.084033	-83.073924	266.82	2.18536	
182.806	40.084032	-83.073938	267.15	2.045	
183.288	40.084032	-83.073952	272.55	1.882352	
183.792	40.084033	-83.07397	279.38	2.076812	
184.287	40.084035	-83.073981	282.07	2.391652	
184.798	40.084038	-83.073994	282.74	2.821944	
185.317	40.084041	-83.074017	280.2	3.409738	
186.174	40.084041	-83.074043	277.33	3.52806	
186.673	40.08404	-83.074062	269.42	4.138191	
187.173	40.084039	-83.074094	267.63	4.413419	
187.675	40.084039	-83.074094	267.63	4.413333	
188.17	40.084038	-83.074126	267.61	4.658889	
188.671	40.084036	-83.074159	267.65	4.615596	
189.166	40.084027	-83.074195	254.85	3.969968	
189.663	40.08402	-83.07421	243.75	3.66696	
190.166	40.08401	-83.074219	228.56	3.388646	
190.664	40.084	-83.074226	215.23	3.179267	
191.159	40.083981	-83.074225	185.16	3.017217	
191.662	40.083966	-83.074216	163.0	2.948796	
192.159	40.083954	-83.074204	144.9	2.783144	
192.674	40.083946	-83.074185	123.07	3.143256	
193.165	40.083946	-83.074185	123.07	3.143333	
193.655	40.08394	-83.074152	101.4	3.858848	
194.155	40.083938	-83.074132	94.5	4.255484	
194.653	40.083938	-83.074086	88.6	5.072422	
195.151	40.083939	-83.074061	87.33	5.460828	
195.663	40.083941	-83.074034	87.2	5.861667	
196.147	40.083941	-83.074034	87.2	5.861667	
196.648	40.083943	-83.073947	87.42	6.222206	
197.148	40.083943	-83.073947	87.42	6.222222	
197.647	40.083945	-83.073872	87.61	6.519722	
198.124	40.083945	-83.073872	87.61	6.519722	
198.628	40.083946	-83.073809	87.53	6.919792	
199.121	40.083947	-83.073775	87.06	7.089722	
199.619	40.083948	-83.073741	86.84	7.259167	
200.151	40.083951	-83.073689	87.08	7.496667	
200.636	40.083954	-83.073635	87.28	7.705833	
201.136	40.083956	-83.07358	87.28	7.705833	
201.638	40.083957	-83.073561	87.56	7.973611	
202.184	40.08396	-83.073483	87.68	8.371389	
202.634	40.083962	-83.073423	87.47	8.708001	
203.135	40.083964	-83.073359	87.47	9.098464	
203.629	40.083965	-83.073338	87.59	9.208556	
204.141	40.083968	-83.073249	87.4	9.609308	
205.136	40.083968	-83.073249	87.4	9.609444	
205.157	40.083971	-83.073157	87.24	10.001314	
205.475	40.083973	-83.073109	87.21	10.180833	
205.96	40.083976	-83.073011	87.43	10.580278	
206.527	40.083978	-83.072961	87.36	10.7325	
206.999	40.083979	-83.072936	87.49	10.834714	
207.5	40.083982	-83.072859	87.5	10.9875	
208.025	40.083984	-83.072781	87.44	11.069301
211.192	40.083999	-83.072361	87.84	11.294628	
211.527	40.084003	-83.072309	86.7	11.263611	
212.046	40.084007	-83.072229	86.61	11.229808	
212.567	40.084012	-83.072151	86.81	11.18608	
213.077	40.084013	-83.072125	86.93	11.105312	
213.559	40.084017	-83.072047	87.16	11.091422	
214.082	40.084019	-83.071995	87.34	11.096052	
214.588	40.084023	-83.07189	87.2	11.109942	
215.083	40.084025	-83.071838	87.32	11.085249	
215.582	40.084027	-83.071786	87.44	11.066729	
216.08	40.084028	-83.071733	87.75	11.141323	
217.075	40.084032	-83.071629	87.57	11.047694	
217.574	40.084033	-83.071603	87.42	10.991111	
218.094	40.084037	-83.071501	87.23	10.795102	
218.596	40.084039	-83.071451	86.84	10.653116	
219.103	40.084041	-83.071402	86.69	10.543611	
219.591	40.084043	-83.071353	86.69	10.543611	
220.094	40.084047	-83.071281	86.86	10.228184	
220.592	40.084049	-83.071233	87.12	10.155648	
221.063	40.084052	-83.071139	87.73	9.924148	
221.587	40.084053	-83.071116	87.73	9.903056	
222.063	40.084054	-83.07107	87.7	9.772778	
222.566	40.084056	-83.071002	87.47	9.599722	
223.08	40.084059	-83.070935	87.51	9.424108	
223.581	40.08406	-83.070891	87.53	9.303611	
224.077	40.084062	-83.070827	87.63	9.147337	
224.565	40.084064	-83.070784	87.39	9.043611	
225.077	40.084066	-83.070722	87.37	8.891658	
225.575	40.084069	-83.07066	87.07	8.824444	
226.056	40.084071	-83.070619	86.71	8.674562	
226.549	40.084075	-83.070539	86.58	8.446663	
227.048	40.084075	-83.070539	86.58	8.446389	
227.551	40.084077	-83.070481	86.94	8.259722	
228.045	40.084078	-83.070425	88.34	7.85711	
228.545	40.084078	-83.070357	90.39	6.951688	
229.043	40.084078	-83.070357	90.39	6.951667	
229.542	40.084077	-83.070312	91.21	6.248056	
230.04	40.084079	-83.070273	88.27	5.464444	
230.539	40.084085	-83.070241	78.47	4.643376	
231.042	40.084091	-83.070222	71.03	4.357344	
231.56	40.084112	-83.070203	41.22	3.330513	
232.077	40.084118	-83.0702	33.28	3.305306	
232.562	40.084135	-83.070199	7.08	3.125764	
233.032	40.084147	-83.070204	350.05	3.103889	
233.242	40.084164	-83.070222	320.18	3.007442	
233.737	40.084167	-83.070228	314.5	3.150458	
234.731	40.084181	-83.070277	283.05	4.255484	
235.257	40.084182	-83.070312	274.03	4.912944	
235.739	40.084183	-83.070338	270.92	5.445909	
236.266	40.084182	-83.070368	268.76	6.024659	
236.751	40.084181	-83.070416	268.26	6.821533	
237.272	40.084179	-83.07045	267.87	7.369417	
237.775	40.084178	-83.070488	267.79	7.903333	
238.262	40.084175	-83.070547	267.33	8.432259	
238.794	40.084173	-83.07063	267.37	8.911721	
239.306	40.084171	-83.070672	267.03	8.863056	
239.804	40.084169	-83.070713	266.65	8.797	
240.591	40.084168	-83.070756	267.01	8.830953	
240.784	40.084167	-83.070798	266.51	8.884722	
241.283	40.084163	-83.070882	266.02	9.030043	
241.786	40.084159	-83.070946	265.47	9.096921	
242.311	40.084159	-83.070946	265.47	9.096667	
242.8	40.084155	-83.071054	266.78	9.257778	
243.327	40.084154	-83.071076	267.18	9.265144	
243.801	40.084154	-83.071142	269.99	9.358259	
244.302	40.084155	-83.071187	270.45	9.436454	
244.863	40.084155	-83.071253	269.29	9.545517	
245.353	40.084153	-83.071298	267.96	9.60725	
245.875	40.08415	-83.071389	266.32	9.706538	
246.347	40.08415	-83.071389	266.32	9.706389	
246.88	40.084145	-83.071481	266.41	9.790907	
247.358	40.08414	-83.07155	264.15	9.913859	
247.889	40.084135	-83.071596	262.36	9.951413	
248.376	40.084123	-83.071688	259.66	10.009031	
248.904	40.084117	-83.071734	259.53	10.041441	
249.386	40.084111	-83.071781	260.02	10.043056	
249.922	40.084108	-83.071804	260.43	10.044013	
250.386	40.084101	-83.071874	262.86	10.019722	
250.914	40.084095	-83.071944	264.41	9.985881	
251.386	40.084092	-83.07199	265.16	9.952778	
251.924	40.084089	-83.07206	266.09	9.864987	
252.434	40.084086	-83.072106	266.08	9.837778	
252.956	40.084084	-83.072174	267.71	9.769814	
253.446	40.084083	-83.07222	269.11	9.764167	
253.971	40.084083	-83.072289	269.54	9.804282	
254.411	40.084082	-83.072335	269.31	9.796389	
254.945	40.08408	-83.072403	268.17	9.8	
255.449	40.084078	-83.072472	267.67	9.799652	
255.951	40.084076	-83.072518	267.79	9.790392	
256.493	40.084074	-83.072587	268.48	9.808912	
256.966	40.084073	-83.072656	268.46	9.828461	
257.438	40.084071	-83.072725	268.3	9.870646	
257.991	40.084071	-83.072725	268.3	9.870556	
258.507	40.084069	-83.072795	267.78	9.908611	
258.992	40.084066	-83.072864	267.1	9.943889	
259.513	40.084064	-83.072911	267.1	9.943889	
259.951	40.084058	-83.073028	266.43	10.054302	
260.47	40.084056	-83.073075	266.1	10.092886	
260.968	40.084053	-83.073123	265.04	10.10266	
261.484	40.084046	-83.073193	262.86	10.175711	
262.011	40.084037	-83.073264	260.48	10.167994	
262.498	40.08403	-83.073311	259.34	10.16748	
262.991	40.084023	-83.073357	259.1	10.095972	
263.508	40.084017	-83.073403	260.38	10.0425	
263.983	40.08401	-83.073473	262.36	9.875276	
264.512	40.084006	-83.073518	263.79	9.780833	
265.004	40.084002	-83.073586	264.86	9.603889	
265.517	40.083998	-83.073652	265.3	9.503332	
266.004	40.083998	-83.073652	265.3	9.503333	
266.535	40.083992	-83.073763	266.87	9.426166	
267.025	40.08399	-83.073829	268.23	9.415362	
267.557	40.083989	-83.073873	268.26	9.396842	
268.042	40.083988	-83.073939	268.81	9.374207	
268.559	40.083987	-83.074005	268.45	9.359722	
269.07	40.083986	-83.074026	268.23	9.340768	
269.572	40.083985	-83.07407	267.95	9.308611	
270.075	40.083982	-83.074135	267.82	9.188056	
270.583	40.083984	-83.074215	274.75	8.0562	
271.084	40.083989	-83.07425	280.55	7.631269	
271.586	40.083998	-83.074297	286.51	6.692922	
272.1	40.083998	-83.074297	286.51	6.692778	
272.6	40.084013	-83.074363	287.24	5.479862	
273.104	40.084013	-83.074385	277.72	4.774559	
273.6	40.084008	-83.074413	260.63	3.857304	
274.117	40.084	-83.074426	242.21	3.462211	
274.606	40.083986	-83.074439	220.32	3.070719	
275.107	40.083976	-83.074443	220.32	3.070556	
275.615	40.083959	-83.074437	169.97	3.301704	
276.149	40.083959	-83.074437	169.97	3.301667	
276.644	40.083935	-83.07441	134.2	3.742583	
277.142	40.083931	-83.074402	128.11	3.877368	
277.626	40.083924	-83.074371	108.82	4.479782	
278.137	40.083922	-83.074336	95.84	5.215438	
278.649	40.083923	-83.074295	89.17	5.807563	
279.167	40.083924	-83.074268	87.96	5.882672	
279.661	40.083925	-83.074227	87.68	5.889874	
280.166	40.083927	-83.074198	87.2	6.263333	
280.666	40.083928	-83.074166	87.47	6.825833	
281.189	40.08393	-83.074115	86.99	7.483333	
281.661	40.083931	-83.074058	87.12	8.206932	
282.249	40.083934	-83.073999	87.15	8.352006	
282.662	40.083935	-83.07396	87.25	8.550067	
283.169	40.083938	-83.073897	86.92	8.90812	
283.675	40.083939	-83.073854	86.66	9.178718	
284.178	40.083943	-83.073787	86.33	9.583071	
284.688	40.083943	-83.073787	86.33	9.583333	
285.204	40.083949	-83.073694	86.01	10.046071	
285.718	40.083951	-83.073645	86.24	10.239722	
286.41	40.083955	-83.073572	86.39	10.504167	
286.921	40.083958	-83.073497	86.61	10.715878	
287.42	40.083961	-83.073422	86.59	10.766808	
287.927	40.083964	-83.073371	86.72	10.80642	
288.417	40.083966	-83.07332	86.73	10.84346	
288.925	40.083968	-83.073269	86.71	10.8525	
289.414	40.083971	-83.073193	87.19	10.8805	
289.931	40.083973	-83.073142	87.45	10.902222	
290.412	40.083975	-83.073065	87.31	10.992649	
290.915	40.083978	-83.072987	87.52	11.038949	
291.407	40.08398	-83.072909	87.58	11.127948	
291.912	40.083983	-83.072857	87.47	11.150833	
292.405	40.083985	-83.072779	87.33	11.179907	
292.908	40.083987	-83.072726	87.47	11.193797	
293.404	40.083989	-83.072674	87.51	11.207172	
293.91	40.083992	-83.072569	87.66	11.066729	
294.4	40.083992	-83.072569	87.66	11.066944	
294.904	40.083996	-83.072467	87.72	10.863009	
295.4	40.083997	-83.072417	87.81	10.731826	
295.907	40.084001	-83.072318	87.39	10.50547	
296.396	40.084001	-83.072318	87.39	10.50547	
296.898	40.084006	-83.072197	87.31	10.234872	
297.401	40.084006	-83.072173	87.33	10.16285	
297.891	40.08401	-83.072078	87.09	10.099573	
298.392	40.08401	-83.072078	87.09	10.099573	
298.888	40.084015	-83.07196	87.37	10.19063	
299.372	40.084015	-83.07196	87.37	10.190556	
299.895	40.084019	-83.071864	87.42	10.264196	
300.387	40.084022	-83.071767	87.48	10.28786	
300.884	40.084022	-83.071767	87.48	10.287778	
301.384	40.084027	-83.071647	87.21	10.252878	
301.885	40.084029	-83.071599	87.12	10.182399	
302.381	40.084032	-83.071528	87.0	10.017262	
302.896	40.084032	-83.071528	87.0	10.017222	
303.396	40.084037	-83.071413	87.15	9.797778	
304.375	40.084037	-83.07139	87.12	9.774722	
304.886	40.08404	-83.071321	86.94	9.870131	
305.373	40.084043	-83.071251	86.94	9.87	
305.855	40.084046	-83.07118	86.34	10.183056	
306.387	40.084046	-83.07118	86.34	10.183056	
306.855	40.08405	-83.071108	86.36	10.343333	
307.372	40.084053	-83.071036	86.58	10.260278	
307.848	40.084057	-83.07094	86.85	10.234872	
308.348	40.084057	-83.07094	86.85	10.234722	
308.863	40.084062	-83.070819	86.65	10.330556	
309.363	40.084063	-83.070795	86.58	10.344449	
309.862	40.084067	-83.070698	86.72	10.471517	
310.363	40.084068	-83.070673	86.71	10.472546	
310.86	40.084072	-83.070576	86.86	10.322328	
311.363	40.084072	-83.070576	86.86	10.322328	
311.837	40.084077	-83.070457	87.29	10.025556	
312.333	40.084079	-83.070388	87.7	9.894824	
313.337	40.08408	-83.070342	87.76	9.767242	
313.346	40.084082	-83.070274	87.71	9.665382	
313.835	40.084083	-83.070228	87.77	9.823611	
314.327	40.084086	-83.070158	87.44	10.034239	
314.826	40.084088	-83.07011	87.48	10.208636	
315.325	40.084091	-83.070037	87.15	10.440136	
315.823	40.084093	-83.069987	87.02	10.626111	
316.322	40.084096	-83.069912	86.72	10.772981	
316.825	40.084099	-83.069861	86.36	10.7925	
317.345	40.084102	-83.069786	86.98	10.751889	
317.845	40.084102	-83.069786	86.98	10.752222	
318.351	40.084104	-83.069711	87.78	10.616667	
318.847	40.084106	-83.069637	88.14	10.464722	
319.844	40.084109	-83.06954	88.54	10.227156	
319.866	40.084109	-83.06954	88.54	10.227156	
320.335	40.084111	-83.069448	88.09	9.717856	
320.832	40.084114	-83.069382	87.24	9.225833	
321.346	40.084117	-83.06932	87.22	8.716667	
321.831	40.084119	-83.069282	87.22	8.716667	
322.331	40.084121	-83.069229	86.76	7.261383	
322.831	40.084123	-83.069198	86.02	6.546667	
323.333	40.084128	-83.069158	82.24	5.54674	
323.817	40.084136	-83.069127	75.66	4.646977	
324.325	40.084142	-83.06911	70.75	3.996204	
324.824	40.084155	-83.069094	56.64	3.183897	
325.344	40.084166	-83.06909	40.23	2.628811	
325.821	40.084177	-83.069093	13.62	2.425556	
326.327	40.084192	-83.069103	340.59	2.445	
326.818	40.084199	-83.069113	340.59	2.445	
327.296	40.084206	-83.069129	303.54	2.708036	
327.804	40.084211	-83.069147	288.98	2.523864	
328.329	40.084211	-83.069157	281.52	2.365556	
328.812	40.084211	-83.069173	272.84	2.265099	
329.294	40.084211	-83.069184	268.32	2.256111	
329.827	40.08421	-83.069196	267.26	2.596916	
330.328	40.084209	-83.069219	267.98	3.238428	
330.827	40.084208	-83.069237	267.68	3.793513	
331.317	40.084207	-83.06927	266.83	4.663056	
331.822	40.084207	-83.069295	266.83	4.663056	
332.32	40.084207	-83.069337	270.21	6.071473	
332.808	40.08421	-83.069383	273.39	6.858573	
333.305	40.084211	-83.069416	273.65	7.210968	
333.806	40.084212	-83.06945	272.52	7.476667	
334.31	40.084212	-83.069522	269.74	7.723869	
334.802	40.084212	-83.06954	269.19	7.753192	
335.298	40.084211	-83.069596	269.03	7.822642	
335.826	40.084211	-83.069633	270.17	7.887977	
336.31	40.084211	-83.069689	270.1	7.969259	
336.799	40.084211	-83.069727	269.66	7.978004	
337.308	40.084211	-83.069764	268.9	7.959999	
337.799	40.084208	-83.069821	266.85	8.019674	
338.311	40.084207	-83.069859	266.74	7.988611	
338.796	40.084205	-83.069915	266.37	8.027906	
339.294	40.084202	-83.069992	267.12	8.084494	
339.79	40.084202	-83.069992	267.12	8.084167	
340.349	40.0842	-83.070049	267.62	8.093611	
341.296	40.084196	-83.070163	267.15	8.189722	
341.793	40.084195	-83.070221	266.77	8.146742	
342.261	40.084193	-83.070259	266.66	8.148611	
342.787	40.084192	-83.070317	266.92	8.097222	
343.777	40.084187	-83.070412	266.24	8.017102	
344.3	40.084185	-83.07045	266.36	8.045278	
344.777	40.08418	-83.070526	265.68	7.997039	
345.281	40.084177	-83.070563	264.59	7.995	
345.893	40.084173	-83.070601	263.32	8.021732	
346.311	40.084167	-83.070658	261.66	8.057778	
346.917	40.08416	-83.070714	260.49	8.111246	
347.32	40.08416	-83.070714	260.49	8.111389	
347.871	40.084147	-83.070808	260.54	8.192013	
348.322	40.084143	-83.070847	261.89	8.181724	
348.871	40.08414	-83.070886	263.57	8.255804	
349.329	40.084137	-83.070944	265.34	8.253747	
349.871	40.084135	-83.070983	266.19	8.328856	
350.351	40.084134	-83.071022	266.84	8.322682	
350.951	40.084131	-83.071101	267.41	8.366667	
351.354	40.08413	-83.07112	267.54	8.383333	
351.9	40.084127	-83.071199	266.58	8.411167	
352.358	40.084125	-83.071238	265.26	8.426086	
352.9	40.084122	-83.071277	263.61	8.474958	
353.362	40.084112	-83.071355	259.55	8.328856	
353.898	40.084106	-83.071392	258.6	8.228539	
354.372	40.084103	-83.071411	258.41	8.230597	
354.908	40.084094	-83.071467	257.79	8.075833	
355.38	40.084084	-83.071539	260.4	7.724383	
355.885	40.084082	-83.071556	261.15	7.62098	
356.389	40.084078	-83.071608	264.2	7.426944	
356.923	40.084076	-83.071642	265.72	7.228333	
357.407	40.084074	-83.071708	267.37	6.98204	
357.934	40.084073	-83.07174	267.87	6.816389	
358.409	40.084072	-83.071787	268.33	6.673888	
358.927	40.084072	-83.071803	268.5	6.613698	
359.42	40.08407	-83.071848	268.18	6.420267	
359.953	40.08407	-83.071877	267.93	6.358889	
360.426	40.084066	-83.071922	264.75	6.505664	
360.924	40.08406	-83.071968	260.18	6.743338	
361.434	40.084055	-83.072	257.61	6.893889	
361.937	40.084049	-83.072031	256.06	7.055278	
362.458	40.084038	-83.07208	255.03	7.267778	
362.967	40.084029	-83.072129	256.38	7.221771	
363.45	40.084024	-83.072162	259.13	7.09	
363.985	40.084019	-83.07221	263.08	6.96815	
364.465	40.084018	-83.072227	264.44	6.966607	
364.957	40.084016	-83.072291	267.63	6.850556	
365.48	40.084015	-83.072339	269.57	6.791696	
365.973	40.084015	-83.072388	269.74	6.910833	
366.49	40.084015	-83.072421	269.17	7.100362	
366.991	40.084014	-83.072476	268.35	8.045397	
367.504	40.084014	-83.072476	268.35	8.045556	
367.995	40.084011	-83.072585	267.62	9.878611	
368.527	40.08401	-83.072636	267.43	10.717421	
369.006	40.084008	-83.072718	267.29	11.876979	
369.507	40.084008	-83.072718	267.29	11.876667	
369.988	40.084005	-83.072809	267.24	13.060278	
370.515	40.084	-83.07294	267.34	14.039189	
371.045	40.083998	-83.073007	267.51	14.270833	
371.496	40.083995	-83.073107	267.46	14.185291	
372.003	40.083991	-83.073207	267.41	14.145278	
372.528	40.083991	-83.073207	267.41	14.145278	
373.035	40.083985	-83.073372	267.32	14.120471	
373.539	40.083982	-83.073438	267.18	13.981111	
374.053	40.083978	-83.073534	267.09	13.735152	
374.571	40.083978	-83.073534	267.09	13.735278	
375.039	40.083975	-83.073628	267.26	13.225	
375.566	40.083969	-83.073775	267.44	12.241206	
376.067	40.083969	-83.073775	267.44	12.241389	
376.577	40.083964	-83.073908	268.61	10.972586	
377.07	40.083964	-83.073957	269.96	10.294033	
377.583	40.083965	-83.074003	272.41	9.758333	
378.095	40.083971	-83.074067	276.51	8.831468	
378.6	40.083976	-83.074105	280.03	8.274722	
379.107	40.083976	-83.074105	280.03	8.274722	
379.613	40.083993	-83.07419	286.71	7.031944	
380.128	40.084003	-83.074232	290.33	6.271592	
380.633	40.08401	-83.074257	289.18	5.794702	
381.147	40.084014	-83.074293	280.76	5.114607	
381.637	40.084011	-83.074323	266.4	4.387182	
382.149	40.084011	-83.074323	266.4	4.387222	
382.644	40.083988	-83.074355	226.9	3.431344	
383.15	40.083978	-83.074361	213.7	3.090268	
383.655	40.083973	-83.074362	204.53	2.876667	
384.162	40.083947	-83.074352	161.77	3.209619	
384.661	40.083942	-83.074346	150.0	3.293473	
385.173	40.08393	-83.074323	123.86	3.896389	
385.677	40.083926	-83.074303	109.24	4.376379	
386.167	40.083923	-83.074269	95.5	4.990111	
386.73	40.083924	-83.074244	89.87	5.351766	
387.195	40.083926	-83.0742	87.01	6.185278	
387.676	40.083928	-83.074152	86.82	7.031941	
388.187	40.083929	-83.074117	86.84	7.568507	
388.727	40.083928	-83.074079	87.2	8.125278	
389.214	40.08393	-83.074018	86.89	8.777966	
389.719	40.083934	-83.073954	87.19	9.21833	
390.222	40.083936	-83.07391	87.1	9.464749	
390.727	40.083938	-83.073865	87.18	9.704722	
391.69	40.083942	-83.073771	87.09	10.150833	
392.156	40.083943	-83.073722	86.92	10.358853	
392.673	40.083945	-83.073647	87.13	10.701473	
393.163	40.083947	-83.073596	87.33	10.893361	
393.656	40.083949	-83.073544	87.13	11.063128	
394.153	40.083951	-83.073492	87.11	11.224444	
394.651	40.083955	-83.073413	87.14	11.223333	
395.153	40.083958	-83.073333	87.18	11.458221	
395.643	40.083961	-83.073278	87.13	11.718333	
396.144	40.083963	-83.073222	87.21	11.969064	
396.659	40.083968	-83.073108	86.99	12.216667	
397.143	40.08397	-83.07305	86.79	12.331944	
397.687	40.083974	-83.072963	86.85	12.371111	
398.122	40.083978	-83.072876	86.96	12.407222	
399.149	40.083978	-83.072876	86.96	12.407222	
399.168	40.083984	-83.07273	86.98	12.456243	
399.305	40.083985	-83.072701	86.98	12.497222	
399.815	40.08399	-83.072583	87.07	12.609033	
400.291	0.0	0.0	87.07	0.0	
400.811	0.0	0.0	87.07	0.0	
401.32	0.0	0.0	87.07	0.0	
401.827	40.084002	-83.07228	86.89	13.198072	
402.329	40.084003	-83.072248	86.98	13.300961	
402.838	40.084006	-83.072184	86.86	13.440556	
403.348	40.08401	-83.072088	87.1	13.691424	
403.857	40.084013	-83.072023	86.95	13.800556	
404.369	40.08402	-83.071857	87.26	14.219244	
404.863	40.08402	-83.071857	87.26	14.219444	
405.623	40.084027	-83.071687	87.25	14.571124	
406.12	40.08403	-83.071617	87.23	14.75	
406.622	40.084033	-83.071548	87.02	14.853333	
407.126	40.084035	-83.071477	87.11	15.011944	
407.616	40.08404	-83.071333	87.18	15.360282	
408.116	40.084043	-83.071259	87.15	15.583037	
408.636	40.084047	-83.071148	87.06	15.78	
409.113	40.084048	-83.071111	87.18	15.888102	
409.624	40.084054	-83.070961	87.12	16.053239	
410.614	40.084057	-83.070885	87.18	16.191624	
410.639	40.084061	-83.07077	86.98	16.282222	
411.085	40.084064	-83.070693	86.85	16.341842	
411.584	40.084069	-83.070578	86.93	16.442159	
412.085	40.084069	-83.070578	86.93	16.441944	
412.603	40.084077	-83.070385	86.92	16.499777	
413.089	40.08408	-83.070308	86.82	16.486916	
413.581	40.084085	-83.070192	86.93	16.487944	
414.076	40.084088	-83.070115	86.85	16.421067	
414.578	40.084091	-83.070038	87.08	16.392222	
415.074	40.084095	-83.069923	87.29	16.250556	
415.572	40.084099	-83.06981	87.41	16.036777	
416.074	40.084103	-83.069699	87.44	15.610302	
416.57	40.084105	-83.069628	87.65	15.160278	
417.069	40.084108	-83.069525	88.51	14.506304	
417.57	40.08411	-83.069462	88.0	13.70943	
418.09	40.084113	-83.069401	88.13	13.116389	
418.599	40.084113	-83.069401	88.13	13.116389	
419.087	40.084118	-83.069234	88.46	11.186594	
419.587	40.084118	-83.069234	88.46	11.186667	
420.085	40.08412	-83.069118	89.37	9.300127	
420.581	40.08412	-83.069097	90.39	8.964709	
421.082	40.084119	-83.069059	91.82	8.185833	
421.582	40.084121	-83.068999	90.66	6.23661	
422.08	40.084126	-83.068964	83.62	5.10226	
422.594	40.084131	-83.068944	78.27	4.482869	
423.088	40.084138	-83.068918	72.77	3.905662	
423.573	40.084138	-83.068918	72.77	3.905833	
424.074	40.084162	-83.068899	42.72	2.641672	
424.573	40.084173	-83.068899	21.55	2.500714	
425.072	40.084189	-83.068907	350.63	2.497113	
425.571	40.084206	-83.06893	317.96	3.491534	
426.07	40.084206	-83.06893	317.96	3.491667	
426.594	40.084219	-83.068969	290.77	4.498817	
427.569	40.084222	-83.068993	280.58	5.075509	
428.065	40.084222	-83.069018	273.37	5.403056	
428.621	40.08422	-83.06906	268.65	5.964444	
429.067	40.084219	-83.069124	266.38	6.827192	
429.568	40.084219	-83.069159	266.33	7.179072	
430.063	40.084217	-83.069195	265.49	7.484138	
430.608	40.084214	-83.069254	262.72	8.282556	
431.066	40.084212	-83.069297	264.12	8.786197	
431.606	40.08421	-83.069365	265.44	9.560436	
432.064	40.084209	-83.069414	266.07	10.117579	
432.599	40.084207	-83.069465	266.43	10.606389	
433.059	40.084205	-83.069544	267.22	11.105833	
433.141	40.084203	-83.069625	267.31	11.234722	
433.635	40.084202	-83.06968	267.74	11.606111	
434.153	0.0	0.0	267.74	0.0	
434.636	40.084197	-83.069819	267.02	11.947972	
435.147	40.084196	-83.069877	267.05	12.085556	
435.651	40.084194	-83.069965	267.07	12.293679	
436.186	40.084191	-83.070052	266.97	12.196667	
436.664	40.084189	-83.070109	266.99	12.098056	
437.194	40.084187	-83.070196	267.16	12.133172	
437.692	40.084185	-83.070254	266.85	12.131629	
438.181	40.084183	-83.070341	267.08	12.165068	
438.702	40.08418	-83.070428	267.36	12.256639	
439.21	40.084178	-83.070486	267.5	12.295278	
439.686	40.084177	-83.070545	267.65	12.363333	
440.22	40.084175	-83.070633	267.78	12.352222	
440.695	40.084173	-83.070691	267.78	12.352222	
441.223	40.08417	-83.070777	267.57	12.107222	
441.701	40.084168	-83.070833	267.29	11.915	
442.231	40.084168	-83.070833	267.29	11.915	
442.719	40.084164	-83.070971	266.79	11.515833	
443.242	40.084161	-83.071024	266.84	11.402778	
443.741	40.084158	-83.071105	266.84	11.39443	
444.23	40.084155	-83.071158	266.52	11.393333	
444.739	40.084151	-83.071239	266.41	11.466967	
445.265	40.084146	-83.071347	266.64	11.50092	
445.757	40.084143	-83.071429	267.07	11.590948	
446.278	40.084141	-83.071484	267.31	11.685556	
446.913	40.084139	-83.071539	267.3	11.771003	
447.282	40.084136	-83.071595	267.29	11.880066	
447.843	40.084132	-83.071707	267.14	12.109444	
448.314	40.084131	-83.071736	267.05	12.078641	
448.853	40.084126	-83.071822	266.09	12.327778	
449.308	40.08412	-83.071909	264.06	12.492769	
449.809	40.084114	-83.071968	263.1	12.621894	
450.324	40.084108	-83.072027	262.54	12.712778	
450.808	40.084102	-83.072086	262.24	12.713611	
451.331	40.084091	-83.072205	264.19	12.577222	
451.809	40.084087	-83.072263	265.18	12.457787	
452.337	40.084083	-83.072319	266.13	12.314444	
452.854	40.084077	-83.072432	267.04	12.0843	
453.342	40.084076	-83.07246	267.26	11.979353	
453.831	40.084074	-83.072543	267.45	11.754541	
454.354	40.084071	-83.072625	267.54	11.674802	
454.833	40.084069	-83.07268	267.83	11.589404	
455.36	40.084068	-83.072734	267.88	11.628333	
455.858	40.084065	-83.072843	268.22	11.597121	
456.37	40.084063	-83.072925	268.11	11.605352	
456.851	40.084062	-83.072979	267.9	11.499377	
457.38	40.08406	-83.073032	267.96	11.388056	
457.873	40.084058	-83.073112	268.11	11.341442	
458.392	40.084056	-83.07319	267.86	11.109942	
458.876	40.084055	-83.073216	268.06	11.07496	
459.404	40.084053	-83.073266	267.98	10.774444	
459.879	40.084051	-83.073339	268.26	10.234167	
460.401	40.08405	-83.073408	269.66	9.543056	
460.883	40.084051	-83.073451	270.78	9.092778	
461.408	40.084053	-83.073511	273.23	8.453866	
461.892	40.084056	-83.073549	274.6	7.971317	
462.427	40.08406	-83.073617	273.72	6.828736	
462.947	40.08406	-83.073617	273.72	6.828736	
463.445	40.08406	-83.07366	270.88	5.890556	
463.925	40.084059	-83.073709	266.82	5.038469	
464.48	40.084055	-83.073739	263.25	4.236964	
464.928	40.084052	-83.073756	259.41	3.637122	
465.454	40.084049	-83.073768	254.76	2.808867	
465.933	40.084045	-83.073776	248.56	1.911389	
466.482	40.084042	-83.073781	248.56	0.660556	
466.946	40.084042	-83.073781	248.56	0.022636	
467.46	40.084042	-83.073781	248.56	0.023889	
467.967	40.084042	-83.07378	248.56	0.025833	
468.489	40.084042	-83.07378	248.56	0.011944	
468.986	40.084043	-83.07378	248.56	0.037554	
469.508	40.084043	-83.07378	248.56	0.0375	
469.984	40.084042	-83.07378	248.56	0.035278	
470.508	40.084042	-83.07378	248.56	0.057103	
470.994	40.084042	-83.07378	248.56	0.034982	
471.522	40.084042	-83.07378	248.56	0.01389	
472.006	40.084042	-83.07378	248.56	0.073051	
472.511	40.084042	-83.07378	248.56	0.0125	
473.017	40.084042	-83.073779	248.56	0.07	
473.534	40.084042	-83.073779	248.56	0.032222	
474.035	40.084042	-83.073779	248.56	0.06482	
474.538	40.084042	-83.073778	248.56	0.019549	
475.057	40.084043	-83.073778	248.56	0.026751	
475.55	40.084043	-83.073778	248.56	0.036111	
476.053	40.084043	-83.073778	248.56	0.049167	
476.567	40.084043	-83.073778	248.56	0.012347	
477.417	40.084043	-83.073778	248.56	0.033953	
477.949	40.084043	-83.073778	248.56	0.044722	
478.466	40.084043	-83.073778	248.56	0.04	
478.94	40.084043	-83.073778	248.56	0.054017	
479.437	40.084043	-83.073778	248.56	0.022222	
479.947	40.084043	-83.073777	248.56	0.015833	
480.457	40.084043	-83.073777	248.56	0.021389	
480.961	40.084043	-83.073777	248.56	0.026751	
481.459	40.084043	-83.073777	248.56	0.019444	
481.963	40.084043	-83.073777	248.56	0.014404	
482.426	40.084043	-83.073777	248.56	0.016462	
482.974	40.084044	-83.073777	248.56	0.018006	
483.439	40.084044	-83.073777	248.56	0.017778	
483.972	40.084043	-83.073777	248.56	0.012347	
484.424	40.084044	-83.073777	248.56	0.005659	
484.983	40.084043	-83.073777	248.56	0.014167	
485.426	40.084044	-83.073777	248.56	0.015948	
485.979	40.084044	-83.073777	248.56	0.01389	
486.42	40.084044	-83.073777	248.56	0.040127	
487.025	40.084044	-83.073777	248.56	0.024693	
487.416	40.084044	-83.073777	248.56	0.017778	
487.925	40.084044	-83.073777	248.56	0.034468	
488.176	40.084044	-83.073777	248.56	0.028889	
488.714	40.084044	-83.073777	248.56	0.028889	
489.187	40.084043	-83.073777	248.56	0.049167	
489.716	40.084043	-83.073776	248.56	0.026751	
490.189	40.084043	-83.073776	248.56	0.052988	
490.716	40.084043	-83.073776	248.56	0.014919	
491.195	40.084043	-83.073776	248.56	0.008746	
491.71	40.084043	-83.073776	248.56	0.019034	
492.247	40.084043	-83.073775	248.56	0.006111	
492.731	40.084043	-83.073775	248.56	0.006111	
493.221	40.084043	-83.073775	248.56	0.010278	
493.774	40.084043	-83.073775	248.56	0.0275	
494.276	40.084043	-83.073775	248.56	0.013889	
494.758	40.084043	-83.073776	248.56	0.01389	
495.305	40.084043	-83.073776	248.56	0.02315	
495.784	40.084043	-83.073776	248.56	0.010278	
496.296	40.084042	-83.073776	248.56	0.040278	
496.762	40.084042	-83.073776	248.56	0.040278	
497.325	40.084043	-83.073777	248.56	0.014919	
497.8	40.084043	-83.073775	248.56	0.038069	
498.309	40.084043	-83.073775	248.56	0.033333	
498.81	40.084042	-83.073773	248.56	0.032924	
499.323	40.084042	-83.073773	248.56	0.013376	
499.821	40.084042	-83.073773	248.56	0.030867	
500.34	40.084042	-83.073773	248.56	0.007202	
500.833	40.084042	-83.073773	248.56	0.106944	
501.331	40.084042	-83.073773	248.56	0.032924	
501.852	40.084042	-83.073772	248.56	0.016667	
502.331	40.084042	-83.073771	248.56	0.016462	
502.86	40.084042	-83.073771	248.56	0.025722	
503.34	40.084041	-83.07377	248.56	0.003601	
503.855	40.08404	-83.073769	248.56	0.0325	
504.354	40.08404	-83.073768	248.56	0.026944	
504.875	40.08404	-83.073768	248.56	0.016462	
505.371	40.084039	-83.073767	248.56	0.010803	
505.897	40.084039	-83.073767	248.56	0.011111	
506.385	40.084039	-83.073766	248.56	0.026111	
506.902	40.084039	-83.073766	248.56	0.008746	
507.396	40.084039	-83.073766	248.56	0.010833	
507.907	40.084039	-83.073766	248.56	0.008231	
508.416	40.084038	-83.073766	248.56	0.045833	
508.922	40.084038	-83.073765	248.56	0.037554	
509.457	40.084038	-83.073765	248.56	0.017491	
509.937	40.084038	-83.073765	248.56	0.0175	
510.441	40.084038	-83.073765	248.56	0.012778	
510.938	40.084038	-83.073765	248.56	0.005144	
511.461	40.084038	-83.073765	248.56	0.011832	
511.953	40.084038	-83.073765	248.56	0.011667	
512.45	40.084039	-83.073765	248.56	0.020278	
512.955	40.084039	-83.073765	248.56	0.018006	
513.462	40.084039	-83.073765	248.56	0.03704	
513.965	40.084039	-83.073766	248.56	0.005144	
514.543	40.084039	-83.073766	248.56	0.021092	
514.977	40.084038	-83.073766	248.56	0.014167	
515.477	40.084038	-83.073766	248.56	0.019444	
516.012	40.084038	-83.073766	248.56	0.015433	
516.5	40.084038	-83.073766	248.56	0.008889	
517.01	40.084038	-83.073766	248.56	0.02315	
517.488	40.084038	-83.073766	248.56	0.022778	
518.016	40.084039	-83.073767	248.56	0.007202	
518.5	40.084039	-83.073767	248.56	0.0075	
519.027	40.084039	-83.073767	248.56	0.016462	
519.54	40.084039	-83.073767	248.56	0.019549	
520.038	40.084039	-83.073767	248.56	0.016462	
520.577	40.084039	-83.073768	248.56	0.015433	
521.125	40.084039	-83.073768	248.56	0.005144	
521.586	40.084039	-83.073768	248.56	0.009774	
522.059	40.084039	-83.073768	248.56	0.015948	
522.586	40.084039	-83.073768	248.56	0.019034	
523.072	40.084039	-83.073768	248.56	0.009774	
523.626	40.084039	-83.073769	248.56	0.015948	
524.119	40.084039	-83.073769	248.56	0.007202	
524.624	40.084039	-83.073769	248.56	0.02315	
525.101	40.084039	-83.073769	248.56	0.023333	
525.598	40.084039	-83.073769	248.56	0.006173	
526.105	40.084039	-83.073769	248.56	0.006688	
526.613	40.084039	-83.073768	248.56	0.003611	
527.112	40.084039	-83.073768	248.56	0.003889	
527.607	40.084039	-83.073769	248.56	0.00926	
528.122	40.084039	-83.073769	248.56	0.015948	
528.645	40.084039	-83.073769	248.56	0.022121	
529.132	40.084039	-83.073769	248.56	0.015948	
529.617	40.084039	-83.073769	248.56	0.013611	
530.194	40.084039	-83.073769	248.56	0.010803	
530.65	40.084039	-83.073769	248.56	0.013376	
531.152	40.084039	-83.073769	248.56	0.015433	
531.722	40.084039	-83.073769	248.56	0.005659	
532.219	40.084038	-83.073769	248.56	0.019444	
532.74	40.084038	-83.073769	248.56	0.013376	
533.184	40.084038	-83.073769	248.56	0.011832	
533.75	40.084038	-83.073769	248.56	0.026237	
534.211	40.084038	-83.073769	248.56	0.00463	
534.752	40.084038	-83.073769	248.56	0.012347	
535.208	40.084038	-83.073769	248.56	0.028611	
535.756	40.084038	-83.073768	248.56	0.020578	
536.223	40.084038	-83.073768	248.56	0.016944	
536.77	40.084038	-83.073768	248.56	0.008333	
537.199	40.084037	-83.073768	248.56	0.006173	
537.709	40.084037	-83.073768	248.56	0.012347	
538.211	40.084037	-83.073768	248.56	0.02315	
538.721	40.084037	-83.073768	248.56	0.005278	
539.222	40.084037	-83.073768	248.56	0.019549	
539.73	40.084037	-83.073768	248.56	0.016462	
540.23	40.084038	-83.073768	248.56	0.040278	
540.742	40.084037	-83.073768	248.56	0.008231	
541.234	40.084037	-83.073768	248.56	0.013333	
541.757	40.084037	-83.073768	248.56	0.017491	
542.26	40.084037	-83.073768	248.56	0.01389	
542.778	40.084037	-83.073768	248.56	0.013889	
543.269	40.084037	-83.073768	248.56	0.004116	
543.777	40.084037	-83.073768	248.56	0.006688	
544.288	40.084037	-83.073768	248.56	0.00926	
544.798	40.084037	-83.073768	248.56	0.013056	
545.296	40.084037	-83.073768	248.56	0.026751	
545.791	40.084037	-83.073768	248.56	0.015948	
546.768	40.084037	-83.073768	248.56	0.022636	
547.275	40.084037	-83.073768	248.56	0.006173	
547.766	40.084036	-83.073767	248.56	0.005144	
548.266	40.084036	-83.073767	248.56	0.010803	
548.787	40.084036	-83.073767	248.56	0.005	
549.253	40.084036	-83.073767	248.56	0.00926	
549.761	40.084036	-83.073767	248.56	0.011832	
550.261	40.084036	-83.073766	248.56	0.008056	
550.767	40.084036	-83.073766	248.56	0.010803	
551.255	40.084036	-83.073766	248.56	0.006173	
551.757	40.084036	-83.073766	248.56	0.019549	
552.256	40.084035	-83.073766	248.56	0.018056	
552.751	40.084035	-83.073766	248.56	0.003889	
553.256	40.084035	-83.073766	248.56	0.015948	
553.752	40.084035	-83.073766	248.56	0.009444	
554.228	40.084035	-83.073766	248.56	0.015948	
554.752	40.084035	-83.073766	248.56	0.002778	
555.25	40.084035	-83.073766	248.56	0.002778	
555.744	40.084035	-83.073766	248.56	0.008333	
556.247	40.084035	-83.073766	248.56	0.008333	
556.401	40.084035	-83.073766	248.56	0.015556	
556.903	40.084035	-83.073766	248.56	0.015556	
557.397	0.0	0.0	248.56	0.0	
557.903	40.084034	-83.073766	248.56	0.216944	
558.428	40.084034	-83.073765	248.56	0.051667	
558.917	40.084034	-83.073765	248.56	0.029323	
559.421	40.084034	-83.073765	248.56	0.029167	
559.943	40.084034	-83.073765	248.56	0.019034	
560.417	40.084034	-83.073765	248.56	0.02315	
560.947	40.084034	-83.073765	248.56	0.011318	
561.448	40.084034	-83.073765	248.56	0.020556	
562.006	40.084034	-83.073765	248.56	0.005144	
562.466	40.084034	-83.073765	248.56	0.008056	
563.002	40.084034	-83.073765	248.56	0.021944	
563.452	40.084034	-83.073765	248.56	0.003889	
563.963	40.084033	-83.073765	248.56	0.007717	
564.447	40.084033	-83.073765	248.56	0.01389	
564.97	40.084033	-83.073765	248.56	0.00926	
565.52	40.084033	-83.073765	248.56	0.008746	
566.008	40.084033	-83.073765	248.56	0.00926	
566.48	40.084033	-83.073765	248.56	0.009444	
567.005	40.084033	-83.073765	248.56	0.069444	
567.499	40.084032	-83.073765	248.56	0.015278	
568.078	40.084032	-83.073765	248.56	0.008231	
568.508	40.084032	-83.073765	248.56	0.01852	
569.023	40.084032	-83.073765	248.56	0.006173	
569.51	40.084032	-83.073765	248.56	0.009774	
570.037	40.084031	-83.073765	248.56	0.016977	
570.55	40.084031	-83.073765	248.56	0.01	
571.031	40.084031	-83.073765	248.56	0.015948	
571.564	40.084031	-83.073765	248.56	0.020063	
572.165	40.084031	-83.073765	248.56	0.023664	
572.578	40.084031	-83.073764	248.56	0.005278	
573.069	40.084031	-83.073764	248.56	0.005144	
573.586	40.08403	-83.073764	248.56	0.022121	
574.122	40.08403	-83.073763	248.56	0.005659	
574.603	40.08403	-83.073763	248.56	0.015948	
575.092	40.084029	-83.073762	248.56	0.008231	
575.608	40.084029	-83.073762	248.56	0.005659	
576.122	40.084029	-83.073762	248.56	0.008611	
576.611	40.084029	-83.073762	248.56	0.013333	
577.13	40.084029	-83.073762	248.56	0.015948	
577.633	40.084029	-83.073762	248.56	0.010289	
578.125	40.084029	-83.073762	248.56	0.010289	
578.652	40.084029	-83.073762	248.56	0.014919	
579.162	40.084028	-83.073762	248.56	0.018006	
579.657	40.084028	-83.073761	248.56	0.038069	
580.179	40.084028	-83.073761	248.56	0.023664	
580.667	40.084028	-83.073761	248.56	0.033439	
581.168	40.084028	-83.073761	248.56	0.032222	
581.675	40.084028	-83.07376	248.56	0.019549	
582.182	40.084028	-83.07376	248.56	0.024693	
582.679	40.084028	-83.07376	248.56	0.030867	
583.173	40.084028	-83.07376	248.56	0.049901	
583.672	40.084027	-83.07376	248.56	0.029722	
584.178	40.084026	-83.073759	248.56	0.013611	
584.696	40.084026	-83.073759	248.56	0.019549	
585.21	40.084026	-83.073759	248.56	0.040127	
585.718	40.084027	-83.073759	248.56	0.046814	
586.196	40.084027	-83.073759	248.56	0.017491	
586.727	40.084027	-83.073759	248.56	0.035497	
587.229	40.084027	-83.073759	248.56	0.01852	
587.731	40.084027	-83.073759	248.56	0.018333	
588.272	40.084028	-83.073759	248.56	0.014404	
588.743	40.084028	-83.073759	248.56	0.016389	
589.26	40.084028	-83.073759	248.56	0.03241	
589.753	40.084028	-83.073759	248.56	0.033439	
590.266	40.084028	-83.073759	248.56	0.014722	
590.761	40.084028	-83.073759	248.56	0.014722	
591.261	40.084028	-83.073758	248.56	0.019549	
591.768	40.084028	-83.073758	248.56	0.011318	
592.29	40.084028	-83.073758	248.56	0.044722	
592.774	40.084028	-83.073758	248.56	0.032924	
593.275	40.084027	-83.073758	248.56	0.023664	
593.786	40.084027	-83.073758	248.56	0.00926	
594.31	40.084027	-83.073758	248.56	0.009444	
594.802	40.084027	-83.073757	248.56	0.010833	
595.312	40.084027	-83.073757	248.56	0.030556	
595.808	40.084027	-83.073757	248.56	0.011111	
596.307	40.084027	-83.073757	248.56	0.027222	
596.821	40.084027	-83.073756	248.56	0.008611	
597.324	40.084027	-83.073756	248.56	0.027266	
597.834	40.084027	-83.073756	248.56	0.014919	
598.344	40.084027	-83.073756	248.56	0.014722	
598.837	40.084027	-83.073757	248.56	0.020578	
599.347	40.084027	-83.073757	248.56	0.020833	
599.844	40.084026	-83.073756	248.56	0.016977	
600.354	40.084026	-83.073756	248.56	0.006688	
600.857	40.084026	-83.073755	248.56	0.022636	
601.36	40.084026	-83.073755	248.56	0.022778	
601.866	40.084025	-83.073753	248.56	0.006688	
602.372	40.084026	-83.073753	248.56	0.040127	
602.911	40.084026	-83.073753	248.56	0.01389	
603.398	40.084025	-83.073753	248.56	0.016389	
603.893	40.084025	-83.073753	248.56	0.01389	
604.393	40.084025	-83.073753	248.56	0.031111	
604.902	40.084026	-83.073753	248.56	0.02778	
605.408	40.084026	-83.073753	248.56	0.011318	
605.906	40.084026	-83.073753	248.56	0.015433	
606.387	40.084026	-83.073754	248.56	0.026944	
606.972	40.084026	-83.073754	248.56	0.034468	
607.423	40.084026	-83.073754	248.56	0.011389	
607.921	40.084026	-83.073754	248.56	0.011389	
608.433	40.084027	-83.073754	248.56	0.0075	
608.931	40.084027	-83.073754	248.56	0.0075	
609.444	40.084027	-83.073754	248.56	0.015433	
609.936	40.084027	-83.073754	248.56	0.016462	
610.489	40.084027	-83.073754	248.56	0.005556	
610.95	40.084027	-83.073754	248.56	0.045271	
611.461	40.084027	-83.073753	248.56	0.021607	
611.962	40.084027	-83.073753	248.56	0.010803	
612.464	40.084027	-83.073753	248.56	0.021667	
612.966	40.084027	-83.073753	248.56	0.016462	
613.478	40.084027	-83.073753	248.56	0.021667	
613.979	40.084027	-83.073753	248.56	0.012861	
614.482	40.084027	-83.073753	248.56	0.014919	
615.104	40.084027	-83.073753	248.56	0.022636	
615.592	40.084027	-83.073753	248.56	0.019549	
616.091	40.084027	-83.073753	248.56	0.010803	
616.603	40.084027	-83.073753	248.56	0.010556	
617.081	40.084027	-83.073753	248.56	0.010556	
617.618	40.084027	-83.073753	248.56	0.032778	
618.087	40.084027	-83.073753	248.56	0.015556	
618.591	40.084027	-83.073754	248.56	0.009444	
619.093	40.084027	-83.073754	248.56	0.002572	
619.584	40.084027	-83.073754	248.56	0.00926	
620.091	40.084027	-83.073755	248.56	0.02315	
620.586	40.084027	-83.073755	248.56	0.024693	
621.098	40.084027	-83.073755	248.56	0.016462	
621.579	40.084027	-83.073755	248.56	0.016111	
622.095	40.084027	-83.073755	248.56	0.021092	
622.577	40.084027	-83.073755	248.56	0.026389	
623.092	40.084027	-83.073755	248.56	0.011318	
623.574	40.084026	-83.073755	248.56	0.030833	
624.574	40.084026	-83.073755	248.56	0.023664	
625.046	40.084026	-83.073755	248.56	0.032924	
625.087	40.084026	-83.073755	248.56	0.027266	
625.6	40.084026	-83.073755	248.56	0.007717	
626.169	40.084026	-83.073755	248.56	0.015833	
626.606	0.0	0.0	248.56	0.0	
627.105	40.084026	-83.073755	248.56	0.005659	
627.623	40.084025	-83.073755	248.56	0.028889	
628.095	40.084025	-83.073754	248.56	0.026237	
628.62	40.084025	-83.073754	248.56	0.006944	
629.134	40.084025	-83.073754	248.56	0.029722	
629.641	40.084025	-83.073754	248.56	0.026237	
630.143	40.084025	-83.073754	248.56	0.012861	
630.651	40.084025	-83.073753	248.56	0.010833	
631.16	40.084025	-83.073753	248.56	0.015433	
631.64	40.084024	-83.073753	248.56	0.011944	
632.189	40.084024	-83.073753	248.56	0.013376	
632.672	40.084024	-83.073753	248.56	0.013333	
633.185	40.084024	-83.073753	248.56	0.003087	
633.682	40.084024	-83.073754	248.56	0.007717	
634.186	40.084024	-83.073754	248.56	0.003087	
634.706	40.084024	-83.073754	248.56	0.003333	
635.245	40.084025	-83.073755	248.56	0.02778	
635.709	40.084025	-83.073755	248.56	0.012347	
636.204	40.084025	-83.073755	248.56	0.031381	
636.719	40.084025	-83.073755	248.56	0.008056	
637.265	40.084025	-83.073755	248.56	0.011944	
637.737	40.084025	-83.073755	248.56	0.012347	
638.274	40.084025	-83.073755	248.56	0.016667	
638.743	40.084025	-83.073755	248.56	0.003087	
639.257	40.084025	-83.073755	248.56	0.02	
639.765	40.084025	-83.073755	248.56	0.034722	
640.273	40.084025	-83.073755	248.56	0.023333	
640.783	40.084025	-83.073755	248.56	0.006944	
641.297	40.084025	-83.073755	248.56	0.006944	
641.779	40.084025	-83.073755	248.56	0.028611	
642.26	40.084025	-83.073755	248.56	0.016462	
642.789	40.084025	-83.073754	248.56	0.005144	
643.295	40.084025	-83.073754	248.56	0.011318	
643.837	40.084025	-83.073754	248.56	0.021389	
644.338	40.084025	-83.073754	248.56	0.011944	
644.812	40.084025	-83.073753	248.56	0.007717	
645.327	40.084025	-83.073753	248.56	0.002572	
645.819	40.084025	-83.073753	248.56	0.010289	
646.341	40.084025	-83.073752	248.56	0.014404	
646.806	40.084025	-83.073752	248.56	0.006688	
647.322	40.084025	-83.073752	248.56	0.00926	
647.833	40.084025	-83.073752	248.56	0.024722	
648.327	40.084025	-83.073752	248.56	0.025722	
648.83	40.084025	-83.073752	248.56	0.007717	
649.361	40.084025	-83.073751	248.56	0.033611	
649.855	40.084025	-83.073751	248.56	0.033953	
650.352	40.084025	-83.073751	248.56	0.010803	
650.872	40.084025	-83.073751	248.56	0.008889	
651.367	40.084025	-83.07375	248.56	0.014722	
651.867	40.084025	-83.07375	248.56	0.013611	
652.36	40.084024	-83.073749	248.56	0.010556	
652.884	40.084024	-83.073749	248.56	0.011318	
653.394	40.084025	-83.07375	248.56	0.021092	
653.952	40.084025	-83.073749	248.56	0.018006	
654.407	40.084025	-83.073749	248.56	0.018006	
654.901	40.084025	-83.073749	248.56	0.01389	
655.467	40.084025	-83.073749	248.56	0.026667	
655.91	40.084025	-83.073749	248.56	0.014722	
656.385	40.084025	-83.073749	248.56	0.027266	
656.912	40.084025	-83.073749	248.56	0.02315	
657.415	40.084024	-83.073749	248.56	0.027222	
657.925	40.084024	-83.073749	248.56	0.014404	
658.428	40.084024	-83.073748	248.56	0.006173	
658.93	40.084024	-83.073748	248.56	0.013376	
659.468	40.084024	-83.073748	248.56	0.011318	
659.921	40.084024	-83.073748	248.56	0.020063	
660.433	40.084024	-83.073748	248.56	0.03241	
660.944	40.084024	-83.073748	248.56	0.006688	
661.453	40.084024	-83.073748	248.56	0.012861	
662.019	40.084024	-83.073748	248.56	0.015433	
662.459	40.084024	-83.073749	248.56	0.019034	
662.946	40.084024	-83.073749	248.56	0.019549	
663.477	40.084025	-83.073749	248.56	0.016977	
663.978	40.084025	-83.073749	248.56	0.015433	
664.467	40.084025	-83.07375	248.56	0.003056	
664.995	40.084025	-83.07375	248.56	0.016977	
665.49	40.084025	-83.07375	248.56	0.015948	
666.016	40.084025	-83.073751	248.56	0.014919	
666.51	40.084025	-83.073751	248.56	0.002058	
667.013	40.084025	-83.073751	248.56	0.032924	
667.509	40.084025	-83.073751	248.56	0.020556	
668.028	40.084025	-83.073751	248.56	0.014404	
668.518	40.084025	-83.073751	248.56	0.007778	
669.028	40.084025	-83.073751	248.56	0.024167	
669.53	40.084025	-83.073751	248.56	0.007222	
670.036	40.084025	-83.073751	248.56	0.010289	
670.538	40.084025	-83.073751	248.56	0.028611	
671.086	40.084025	-83.073751	248.56	0.009774	
671.566	40.084025	-83.073751	248.56	0.012347	
672.064	40.084025	-83.073751	248.56	0.006944	
672.626	40.084025	-83.073751	248.56	0.0075	
673.07	40.084025	-83.073751	248.56	0.011318	
673.574	40.084025	-83.073751	248.56	0.018006	
674.077	40.084025	-83.073751	248.56	0.002572	
674.564	40.084025	-83.073751	248.56	0.001543	
675.091	40.084025	-83.073751	248.56	0.00463	
675.589	40.084025	-83.073751	248.56	0.015278	
676.094	40.084025	-83.073751	248.56	0.022121	
676.596	40.084025	-83.073751	248.56	0.020063	
677.105	40.084025	-83.073751	248.56	0.015948	
677.608	40.084025	-83.073751	248.56	0.003611	
678.108	40.084025	-83.07375	248.56	0.017491	
678.616	40.084024	-83.07375	248.56	0.031667	
679.131	40.084024	-83.07375	248.56	0.007202	
679.632	40.084024	-83.07375	248.56	0.016111	
680.137	40.084024	-83.07375	248.56	0.01389	
680.67	40.084024	-83.07375	248.56	0.003601	
681.154	40.084024	-83.07375	248.56	0.015	
681.66	40.084023	-83.07375	248.56	0.039098	
682.456	40.084023	-83.07375	248.56	0.020578	
682.927	40.084023	-83.07375	248.56	0.0125	
683.428	40.084023	-83.07375	248.56	0.03	
683.925	40.084023	-83.073749	248.56	0.007717	
684.426	40.084022	-83.073749	248.56	0.012861	
684.934	40.084022	-83.073749	248.56	0.01	
685.416	40.084022	-83.073749	248.56	0.039444	
685.916	40.084022	-83.073749	248.56	0.024179	
686.415	40.084022	-83.073749	248.56	0.012778	
686.921	40.084022	-83.073749	248.56	0.004167	
687.418	40.084022	-83.073749	248.56	0.005556	
687.913	40.084022	-83.073749	248.56	0.008231	
688.416	40.084022	-83.073749	248.56	0.039444	
688.91	40.084022	-83.07375	248.56	0.003333	
689.417	40.084022	-83.07375	248.56	0.011944	
689.909	40.084022	-83.07375	248.56	0.020556	
690.415	40.084022	-83.07375	248.56	0.011318	
690.903	40.084021	-83.07375	248.56	0.047843	
691.407	40.084021	-83.07375	248.56	0.027266	
691.753	40.084021	-83.07375	248.56	0.008231	
692.23	0.0	0.0	248.56	0.0	
692.754	0.0	0.0	248.56	0.0	
693.236	40.084021	-83.07375	248.56	0.037554	
693.771	40.084021	-83.07375	248.56	0.009167	
694.265	40.084021	-83.07375	248.56	0.014404	
694.747	40.084021	-83.07375	248.56	0.016977	
695.26	40.084021	-83.07375	248.56	0.016944	
695.789	40.084021	-83.073751	248.56	0.016389	
696.282	40.084021	-83.07375	248.56	0.046667	
696.78	40.084021	-83.07375	248.56	0.025208	
697.286	40.084021	-83.073751	248.56	0.036667	
697.789	40.08402	-83.073751	248.56	0.001543	
698.305	40.08402	-83.073751	248.56	0.001667	
698.795	40.08402	-83.073751	248.56	0.001667	
699.304	40.08402	-83.073751	248.56	0.011667	
699.806	40.08402	-83.073751	248.56	0.00463	
700.31	40.08402	-83.073751	248.56	0.006389	
700.825	40.08402	-83.073752	248.56	0.011832	
701.317	40.08402	-83.073752	248.56	0.011667	
701.817	40.08402	-83.073752	248.56	0.013056	
702.304	40.08402	-83.073752	248.56	0.003601	
702.817	40.08402	-83.073752	248.56	0.011111	
703.324	40.08402	-83.073752	248.56	0.028056	
703.855	40.084019	-83.073752	248.56	0.007202	
704.32	40.084019	-83.073752	248.56	0.030352	
704.904	40.084019	-83.073752	248.56	0.01852	
705.355	40.084019	-83.073752	248.56	0.014919	
705.856	40.084019	-83.073751	248.56	0.021667	
706.407	40.084018	-83.073751	248.56	0.020578	
706.929	40.084018	-83.073751	248.56	0.007778	
707.387	40.084018	-83.073751	248.56	0.013333	
707.921	40.084018	-83.073751	248.56	0.018611	
708.397	40.084018	-83.073751	248.56	0.021092	
708.908	40.084017	-83.073751	248.56	0.01389	
709.423	40.084017	-83.07375	248.56	0.040127	
709.903	40.084017	-83.07375	248.56	0.02778	
710.434	40.084017	-83.07375	248.56	0.017778	
710.937	40.084017	-83.07375	248.56	0.022121	
711.425	40.084017	-83.07375	248.56	0.006173	
711.929	40.084017	-83.07375	248.56	0.0225	
712.433	40.084017	-83.07375	248.56	0.014167	
712.937	40.084017	-83.07375	248.56	0.009774	
713.439	40.084017	-83.07375	248.56	0.011944	
713.983	40.084017	-83.07375	248.56	0.018056	
714.452	40.084017	-83.07375	248.56	0.005144	
714.967	40.084017	-83.07375	248.56	0.022636	
715.469	40.084017	-83.07375	248.56	0.008746	
715.979	40.084017	-83.07375	248.56	0.005659	
716.481	40.084017	-83.073749	248.56	0.020063	
717.002	40.084017	-83.073749	248.56	0.014167	
717.499	40.084017	-83.073749	248.56	0.009444	
718.06	40.084017	-83.073749	248.56	0.007222	
718.489	40.084017	-83.073749	248.56	0.015556	
719.051	40.084017	-83.073748	248.56	0.003601	
719.504	40.084017	-83.073748	248.56	0.017222	
719.999	40.084017	-83.073748	248.56	0.026237	
720.506	40.084017	-83.073748	248.56	0.020578	
721.024	40.084017	-83.073748	248.56	0.007717	
721.525	40.084017	-83.073748	248.56	0.028809	
722.039	40.084017	-83.073747	248.56	0.021607	
722.545	40.084017	-83.073747	248.56	0.008231	
723.036	40.084017	-83.073747	248.56	0.021667	
723.554	40.084017	-83.073747	248.56	0.030867	
724.052	40.084017	-83.073747	248.56	0.009774	
724.548	40.084017	-83.073747	248.56	0.014919	
725.064	40.084017	-83.073747	248.56	0.013611	
725.558	40.084017	-83.073746	248.56	0.017778	
726.036	40.084017	-83.073746	248.56	0.0125	
726.568	40.084017	-83.073746	248.56	0.011111	
727.058	40.084017	-83.073745	248.56	0.033953	
727.584	40.084017	-83.073745	248.56	0.020578	
728.116	40.084017	-83.073745	248.56	0.038889	
728.585	40.084017	-83.073745	248.56	0.016944	
729.091	40.084017	-83.073745	248.56	0.020278	
729.591	40.084017	-83.073744	248.56	0.006389	
730.101	40.084017	-83.073744	248.56	0.018006	
730.61	40.084017	-83.073744	248.56	0.038889	
731.145	40.084017	-83.073744	248.56	0.026111	
731.608	40.084017	-83.073744	248.56	0.018611	
732.102	40.084017	-83.073744	248.56	0.008746	
732.632	40.084017	-83.073744	248.56	0.011389	
733.141	40.084018	-83.073744	248.56	0.028333	
733.647	40.084017	-83.073744	248.56	0.009774	
734.159	40.084018	-83.073744	248.56	0.017222	
734.654	40.084018	-83.073744	248.56	0.008746	
735.183	40.084018	-83.073745	248.56	0.00926	
735.667	40.084018	-83.073745	248.56	0.018611	
736.156	40.084018	-83.073745	248.56	0.006688	
736.705	40.084018	-83.073745	248.56	0.019549	
737.185	40.084019	-83.073745	248.56	0.016977	
737.696	40.084019	-83.073745	248.56	0.016462	
738.18	40.084019	-83.073745	248.56	0.006173	
738.703	40.084019	-83.073745	248.56	0.031381	
739.214	40.084019	-83.073745	248.56	0.007717	
739.71	40.084019	-83.073746	248.56	0.019167	
740.222	40.084019	-83.073746	248.56	0.016977	
740.73	40.084019	-83.073746	248.56	0.021607	
741.225	40.084019	-83.073746	248.56	0.006688	
741.754	40.084019	-83.073746	248.56	0.03241	
742.229	40.084019	-83.073746	248.56	0.007202	
742.745	40.084019	-83.073746	248.56	0.021667	
743.243	40.084019	-83.073746	248.56	0.012347	
743.747	40.084019	-83.073746	248.56	0.018006	
744.255	40.084019	-83.073746	248.56	0.016462	
744.766	40.084019	-83.073746	248.56	0.008231	
745.268	40.084019	-83.073746	248.56	0.002058	
745.771	40.084019	-83.073746	248.56	0.020578	
746.277	40.084019	-83.073746	248.56	0.00463	
746.781	40.084018	-83.073746	248.56	0.008746	
747.288	40.084018	-83.073746	248.56	0.014919	
747.807	40.084018	-83.073746	248.56	0.022121	
748.313	40.084018	-83.073746	248.56	0.020063	
749.256	40.084018	-83.073746	248.56	0.008746	
749.761	40.084018	-83.073746	248.56	0.005659	
750.286	40.084018	-83.073746	248.56	0.003601	
750.754	40.084018	-83.073746	248.56	0.003889	
751.26	40.084019	-83.073745	248.56	0.033056	
751.755	40.084019	-83.073745	248.56	0.017222	
752.251	40.084019	-83.073745	248.56	0.023664	
752.745	40.084019	-83.073745	248.56	0.00926	
753.258	40.084019	-83.073745	248.56	0.026751	
753.748	40.084019	-83.073745	248.56	0.025	
754.245	40.084019	-83.073745	248.56	0.025	
754.758	40.08402	-83.073744	248.56	0.015833	
755.245	40.08402	-83.073744	248.56	0.026667	
755.748	40.08402	-83.073744	248.56	0.015433	
756.238	40.08402	-83.073744	248.56	0.010278	
756.74	40.084021	-83.073744	248.56	0.028611	
757.237	40.084021	-83.073744	248.56	0.006688	
757.737	40.084021	-83.073744	248.56	0.009167	
758.262	40.084021	-83.073744	248.56	0.036011	
758.735	40.084021	-83.073743	248.56	0.028333	
759.256	40.084022	-83.073743	248.56	0.027222	
759.73	40.084022	-83.073743	248.56	0.009444	
760.229	40.084022	-83.073743	248.56	0.03	
760.731	40.084022	-83.073743	248.56	0.014404	
761.228	40.084023	-83.073743	248.56	0.024444	
761.444	40.084023	-83.073743	248.56	0.019549	
761.939	40.084023	-83.073743	248.56	0.019722	
762.439	0.0	0.0	248.56	0.0	
762.947	40.084024	-83.073743	248.56	0.036526	
763.505	40.084024	-83.073743	248.56	0.034444	
763.971	40.084024	-83.073743	248.56	0.011318	
764.499	40.084025	-83.073743	248.56	0.004116	
764.981	40.084025	-83.073742	248.56	0.005	
765.509	40.084025	-83.073742	248.56	0.023333	
766.08	40.084025	-83.073742	248.56	0.021111	
766.51	40.084025	-83.073742	248.56	0.005659	
767.012	40.084025	-83.073742	248.56	0.008746	
767.513	40.084025	-83.073742	248.56	0.005	
768.062	40.084025	-83.073742	248.56	0.011667	
768.521	40.084025	-83.073742	248.56	0.023664	
769.019	40.084025	-83.073742	248.56	0.031896	
769.519	40.084025	-83.073742	248.56	0.021092	
770.065	40.084025	-83.073742	248.56	0.006688	
770.537	40.084025	-83.073743	248.56	0.030867	
771.032	40.084025	-83.073743	248.56	0.013376	
771.535	40.084025	-83.073743	248.56	0.035497	
772.066	40.084025	-83.073743	248.56	0.031381	
772.562	40.084025	-83.073743	248.56	0.026111	
773.097	40.084025	-83.073743	248.56	0.002572	
773.584	40.084026	-83.073743	248.56	0.007202	
774.085	40.084026	-83.073743	248.56	0.006944	
774.591	40.084026	-83.073744	248.56	0.016462	
775.108	40.084026	-83.073744	248.56	0.014404	
775.618	40.084026	-83.073744	248.56	0.006111	
776.108	40.084026	-83.073744	248.56	0.01389	
776.594	40.084026	-83.073744	248.56	0.019549	
777.105	40.084027	-83.073744	248.56	0.050416	
777.634	40.084027	-83.073744	248.56	0.018333	
778.136	40.084027	-83.073745	248.56	0.016977	
778.649	40.084027	-83.073745	248.56	0.003601	
779.147	40.084028	-83.073745	248.56	0.015556	
779.645	40.084028	-83.073745	248.56	0.016111	
780.131	40.084028	-83.073744	248.56	0.045786	
780.664	40.084028	-83.073744	248.56	0.010556	
781.138	40.084028	-83.073744	248.56	0.022121	
781.667	40.084028	-83.073744	248.56	0.018333	
782.187	40.084028	-83.073744	248.56	0.025208	
782.679	40.084028	-83.073744	248.56	0.006389	
783.187	40.084028	-83.073744	248.56	0.0463	
783.703	40.084028	-83.073744	248.56	0.025208	
784.19	40.084028	-83.073743	248.56	0.025208	
784.708	40.084028	-83.073743	248.56	0.022636	
785.223	40.084028	-83.073743	248.56	0.013611	
785.73	40.084029	-83.073743	248.56	0.01852	
786.24	40.084029	-83.073743	248.56	0.00926	
786.764	40.084029	-83.073743	248.56	0.015	
787.245	40.084029	-83.073743	248.56	0.019034	
787.76	40.084029	-83.073743	248.56	0.006688	
788.301	40.084029	-83.073743	248.56	0.006173	
788.772	40.084029	-83.073743	248.56	0.029323	
789.262	40.084029	-83.073744	248.56	0.023664	
789.769	40.084029	-83.073743	248.56	0.020578	
790.277	40.084029	-83.073743	248.56	0.028809	
790.802	40.08403	-83.073743	248.56	0.001667	
791.294	40.08403	-83.073743	248.56	0.011389	
791.805	40.08403	-83.073743	248.56	0.007202	
792.308	40.08403	-83.073743	248.56	0.008746	
792.822	40.08403	-83.073743	248.56	0.01389	
793.341	40.08403	-83.073743	248.56	0.023611	
793.841	40.08403	-83.073743	248.56	0.036944	
794.346	40.08403	-83.073743	248.56	0.010803	
794.853	40.08403	-83.073742	248.56	0.022222	
795.362	40.08403	-83.073742	248.56	0.015948	
795.863	40.084031	-83.073742	248.56	0.012861	
796.382	40.084031	-83.073742	248.56	0.02315	
796.843	40.084031	-83.073742	248.56	0.014444	
797.373	40.084031	-83.073742	248.56	0.042778	
797.874	40.084031	-83.073742	248.56	0.008746	
798.404	40.084031	-83.073741	248.56	0.006667	
798.916	40.084031	-83.073741	248.56	0.007202	
799.387	40.084031	-83.073741	248.56	0.031111	
799.89	40.084031	-83.073741	248.56	0.023664	
800.431	40.084031	-83.073741	248.56	0.009444	
800.953	40.084031	-83.073741	248.56	0.024693	
801.414	40.084031	-83.073741	248.56	0.024722	
801.903	40.084031	-83.073741	248.56	0.031111	
802.391	40.084031	-83.07374	248.56	0.018333	
802.998	40.084031	-83.07374	248.56	0.005659	
803.414	40.084031	-83.07374	248.56	0.018006	
803.921	40.084031	-83.07374	248.56	0.023664	
804.424	40.084031	-83.07374	248.56	0.022778	
804.93	40.084031	-83.07374	248.56	0.023333	
805.426	40.084031	-83.07374	248.56	0.022222	
805.932	40.084031	-83.07374	248.56	0.019549	
806.431	40.084031	-83.07374	248.56	0.020578	
806.935	40.084031	-83.07374	248.56	0.018006	
807.439	40.084031	-83.07374	248.56	0.014919	
807.942	40.084031	-83.07374	248.56	0.027266	
808.449	40.084031	-83.07374	248.56	0.030867	
808.975	40.084032	-83.07374	248.56	0.022636	
809.46	40.084032	-83.07374	248.56	0.024167	
809.959	40.084032	-83.07374	248.56	0.025208	
810.454	40.084032	-83.07374	248.56	0.015948	
810.971	40.084032	-83.07374	248.56	0.028333	
811.483	40.084032	-83.07374	248.56	0.012222	
811.979	40.084032	-83.07374	248.56	0.012222	
812.484	40.084032	-83.07374	248.56	0.004444	
812.984	40.084033	-83.07374	248.56	0.01389	
813.5	40.084033	-83.07374	248.56	0.014167	
814.01	40.084033	-83.073741	248.56	0.018333	
814.517	40.084033	-83.073741	248.56	0.043333	
815.015	40.084033	-83.073741	248.56	0.018006	
815.524	40.084033	-83.073741	248.56	0.021607	
816.037	40.084034	-83.073741	248.56	0.00926	
816.543	40.084034	-83.073742	248.56	0.0425	
817.055	40.084035	-83.073742	248.56	0.071667	
817.556	40.084035	-83.073742	248.56	0.023664	
818.078	40.084035	-83.073742	248.56	0.035	
818.577	40.084036	-83.073742	248.56	0.045271	
819.108	40.084036	-83.073742	248.56	0.0125	
819.594	40.084036	-83.073742	248.56	0.006944	
820.582	40.084036	-83.073742	248.56	0.017491	
821.076	40.084036	-83.073743	248.56	0.025556	
821.571	40.084037	-83.073743	248.56	0.02315	
822.08	40.084037	-83.073743	248.56	0.009444	
822.574	40.084037	-83.073743	248.56	0.030867	
823.068	40.084037	-83.073743	248.56	0.024167	
823.564	40.084037	-83.073743	248.56	0.018006	
824.069	40.084038	-83.073744	248.56	0.021092	
824.583	40.084039	-83.073744	248.56	0.016977	
825.064	40.084039	-83.073744	248.56	0.015948	
825.565	40.084039	-83.073744	248.56	0.025208	
826.038	40.08404	-83.073744	248.56	0.026237	
826.106	40.08404	-83.073744	248.56	0.011318	
826.643	40.08404	-83.073744	248.56	0.041156	
827.137	0.0	0.0	248.56	0.0	
827.66	0.0	0.0	248.56	0.0	
828.156	0.0	0.0	248.56	0.0	
828.633	40.08404	-83.073744	248.56	0.094658	
829.17	40.08404	-83.073742	248.56	0.03704	
829.649	40.08404	-83.073742	248.56	0.035	
830.173	40.08404	-83.073741	248.56	0.011318	
830.682	40.08404	-83.073741	248.56	0.024444	
831.178	40.08404	-83.07374	248.56	0.012861	
831.668	40.08404	-83.073739	248.56	0.016462	
832.187	40.084039	-83.073739	248.56	0.020578	
832.713	40.084039	-83.073738	248.56	0.037554	
833.198	40.08404	-83.073738	248.56	0.019034	
833.698	40.084039	-83.073737	248.56	0.023664	
834.213	40.084039	-83.073737	248.56	0.038069	
834.719	40.084039	-83.073737	248.56	0.020063	
835.212	40.084039	-83.073737	248.56	0.03241	
835.728	40.084039	-83.073737	248.56	0.009722	
836.226	40.08404	-83.073737	248.56	0.010833	
836.723	40.08404	-83.073737	248.56	0.015948	
837.217	40.08404	-83.073737	248.56	0.015278	
837.73	40.08404	-83.073737	248.56	0.026751	
838.241	40.08404	-83.073737	248.56	0.008231	
838.74	40.08404	-83.073737	248.56	0.009444	
839.24	40.08404	-83.073737	248.56	0.042778	
839.75	40.08404	-83.073737	248.56	0.008231	
840.278	40.084041	-83.073737	248.56	0.014404	
840.764	40.084041	-83.073737	248.56	0.025556	
841.243	40.084042	-83.073737	248.56	0.024693	
841.765	40.084043	-83.073738	248.56	0.012347	
842.271	40.084043	-83.073738	248.56	0.0375	
842.774	40.084044	-83.073738	248.56	0.041156	
843.284	40.084044	-83.073738	248.56	0.026944	
843.788	40.084044	-83.073738	248.56	0.009444	
844.285	40.084045	-83.073739	248.56	0.038583	
844.794	40.084046	-83.073739	248.56	0.018889	
845.29	40.084046	-83.073739	248.56	0.018889	
845.806	40.084046	-83.073739	248.56	0.036011	
846.306	40.084046	-83.07374	248.56	0.021944	
846.806	40.084046	-83.07374	248.56	0.013376	
847.297	40.084047	-83.07374	248.56	0.029838	
847.814	40.084047	-83.073739	248.56	0.025722	
848.301	40.084047	-83.073739	248.56	0.013376	
848.822	40.084047	-83.073739	248.56	0.033953	
849.342	40.084047	-83.073739	248.56	0.026667	
849.861	40.084047	-83.073739	248.56	0.041111	
850.304	40.084047	-83.073739	248.56	0.035497	
850.844	40.084047	-83.073739	248.56	0.019034	
851.332	40.084048	-83.073739	248.56	0.016944	
851.838	40.084048	-83.073739	248.56	0.03	
852.334	40.084048	-83.073739	248.56	0.024179	
852.835	40.084048	-83.07374	248.56	0.011832	
853.317	40.084049	-83.07374	248.56	0.033439	
853.841	40.084049	-83.07374	248.56	0.031944	
854.35	40.084049	-83.07374	248.56	0.028611	
854.856	40.084049	-83.07374	248.56	0.025	
855.361	40.08405	-83.07374	248.56	0.0275	
855.88	40.08405	-83.07374	248.56	0.03241	
856.347	40.08405	-83.07374	248.56	0.044444	
856.887	40.08405	-83.07374	248.56	0.007202	
857.381	40.084051	-83.07374	248.56	0.039612	
857.897	40.084051	-83.07374	248.56	0.020063	
858.426	40.084051	-83.07374	248.56	0.040556	
858.947	40.084051	-83.07374	248.56	0.02778	
859.421	40.084051	-83.07374	248.56	0.019034	
859.937	40.084051	-83.07374	248.56	0.022121	
860.452	40.084051	-83.073739	248.56	0.029838	
860.986	40.084051	-83.073739	248.56	0.029722	
861.427	40.084051	-83.073739	248.56	0.041944	
861.932	40.084051	-83.073739	248.56	0.041944	
862.418	40.084051	-83.073739	248.56	0.041667	
862.977	40.084051	-83.073739	248.56	0.036667	
863.424	40.084051	-83.073739	248.56	0.018611	
863.948	40.084052	-83.073739	248.56	0.031896	
864.431	40.084052	-83.073739	248.56	0.038889	
864.921	40.084053	-83.073739	248.56	0.030867	
865.458	40.084053	-83.07374	248.56	0.020063	
865.986	40.084053	-83.07374	248.56	0.01852	
866.435	40.084053	-83.07374	248.56	0.025722	
866.98	40.084052	-83.07374	248.56	0.028611	
867.464	40.084052	-83.07374	248.56	0.033889	
867.983	40.084052	-83.07374	248.56	0.030352	
868.484	40.084052	-83.07374	248.56	0.01852	
868.956	40.084053	-83.07374	248.56	0.020578	
869.504	40.084053	-83.07374	248.56	0.019549	
870.024	40.084053	-83.073741	248.56	0.034982	
870.529	40.084054	-83.073741	248.56	0.023333	
871.05	40.084054	-83.073741	248.56	0.032924	
871.544	40.084054	-83.073741	248.56	0.037778	
872.005	40.084054	-83.073741	248.56	0.024179	
872.531	40.084055	-83.073741	248.56	0.026944	
873.032	40.084055	-83.073741	248.56	0.033333	
873.536	40.084055	-83.073741	248.56	0.014404	
874.044	40.084055	-83.073741	248.56	0.03241	
874.542	40.084056	-83.073742	248.56	0.020278	
875.063	40.084056	-83.073742	248.56	0.050416	
875.573	40.084057	-83.073742	248.56	0.037554	
876.079	40.084058	-83.073742	248.56	0.033953	
876.572	40.084058	-83.073743	248.56	0.033439	
877.074	40.084058	-83.073743	248.56	0.040556	
877.591	40.084058	-83.073743	248.56	0.030352	
878.079	40.084059	-83.073743	248.56	0.018611	
878.651	40.084059	-83.073743	248.56	0.018611	
879.11	40.084059	-83.073744	248.56	0.036011	
879.607	40.084059	-83.073744	248.56	0.031896	
880.128	40.08406	-83.073745	248.56	0.023664	
880.637	40.08406	-83.073745	248.56	0.035556	
881.138	40.08406	-83.073745	248.56	0.028294	
881.636	40.084061	-83.073745	248.56	0.013611	
882.163	40.084062	-83.073745	248.56	0.011944	
882.656	40.084062	-83.073745	248.56	0.024693	
883.16	40.084062	-83.073745	248.56	0.024722	
883.667	40.084063	-83.073745	248.56	0.012861	
884.163	40.084063	-83.073745	248.56	0.040641	
884.661	40.084064	-83.073745	248.56	0.042699	
885.412	40.084064	-83.073745	248.56	0.031896	
885.923	40.084064	-83.073745	248.56	0.024444	
886.411	40.084064	-83.073745	248.56	0.024444	
886.91	40.084064	-83.073745	248.56	0.024444	
887.407	40.084066	-83.073744	248.56	0.028294	
887.912	40.084066	-83.073744	248.56	0.043728	
888.409	40.084067	-83.073744	248.56	0.054531	
888.904	40.084067	-83.073744	248.56	0.052473	
889.403	40.084068	-83.073744	248.56	0.047843	
889.906	40.084068	-83.073744	248.56	0.024444	
890.401	40.084068	-83.073744	248.56	0.027266	
890.899	40.084069	-83.073744	248.56	0.056074	
891.398	40.084069	-83.073744	248.56	0.039167	
891.896	40.08407	-83.073743	248.56	0.041667	
892.401	40.08407	-83.073743	248.56	0.040641	
892.9	40.08407	-83.073743	248.56	0.030867	
893.402	40.08407	-83.073743	248.56	0.033611	
893.907	40.08407	-83.073743	248.56	0.034468	
894.392	40.08407	-83.073742	248.56	0.039612	
894.768	40.08407	-83.073742	248.56	0.041944	
895.268	40.08407	-83.073742	248.56	0.045	
895.774	0.0	0.0	248.56	0.196667	
896.262	40.08407	-83.073742	248.56	0.07408	
896.822	40.08407	-83.073742	248.56	0.077681	
897.357	40.08407	-83.073742	248.56	0.048333	
897.817	40.08407	-83.073741	248.56	0.033439	
898.29	40.08407	-83.073741	248.56	0.04167	
898.818	40.08407	-83.073741	248.56	0.03704	
899.321	40.08407	-83.073741	248.56	0.045271	
899.833	40.08407	-83.073741	248.56	0.036389	
900.334	40.084071	-83.073742	248.56	0.03241	
900.902	40.084071	-83.073742	248.56	0.03241	
901.367	40.084072	-83.073742	248.56	0.047843	
901.863	40.084072	-83.073742	248.56	0.016111	
902.344	40.084072	-83.073742	248.56	0.033953	
902.856	40.084072	-83.073741	248.56	0.047778	
903.362	40.084072	-83.073741	248.56	0.055046	
903.874	40.084071	-83.073741	248.56	0.013611	
904.354	40.084071	-83.07374	248.56	0.03241	
904.885	40.084071	-83.07374	248.56	0.04167	
905.39	40.084071	-83.073741	248.56	0.039722	
905.894	40.084071	-83.073741	248.56	0.021667	
906.466	40.084071	-83.073741	248.56	0.031111	
906.929	40.08407	-83.073741	248.56	0.022121	
907.483	40.08407	-83.073741	248.56	0.040833	
907.895	40.08407	-83.073742	248.56	0.018056	
908.433	40.084071	-83.073742	248.56	0.0225	
908.943	40.084071	-83.073742	248.56	0.050833	
909.443	40.084071	-83.073742	248.56	0.050833	
909.965	40.084071	-83.073742	248.56	0.02778	
910.455	40.084071	-83.073743	248.56	0.026751	
910.964	40.084071	-83.073743	248.56	0.026751	
911.469	40.084071	-83.073743	248.56	0.025556	
911.96	40.084071	-83.073743	248.56	0.013056	
912.479	40.084071	-83.073743	248.56	0.02	
912.983	40.084071	-83.073743	248.56	0.035833	
913.482	40.084071	-83.073743	248.56	0.020556	
914.014	40.084071	-83.073743	248.56	0.026111	
914.549	40.084071	-83.073743	248.56	0.020578	
915.041	40.084071	-83.073743	248.56	0.014167	
915.516	40.084071	-83.073743	248.56	0.014167	
916.024	40.084072	-83.073743	248.56	0.007202	
916.526	40.084072	-83.073744	248.56	0.017491	
917.013	40.084072	-83.073744	248.56	0.025208	
917.537	40.084072	-83.073744	248.56	0.034167	
918.039	40.084072	-83.073744	248.56	0.026389	
918.565	40.084073	-83.073744	248.56	0.012347	
919.055	40.084073	-83.073745	248.56	0.027266	
919.58	40.084073	-83.073745	248.56	0.029323	
920.073	40.084073	-83.073745	248.56	0.020278	
920.587	40.084074	-83.073744	248.56	0.03241	
921.117	40.084074	-83.073744	248.56	0.0325	
921.608	40.084074	-83.073744	248.56	0.03	
922.11	40.084074	-83.073744	248.56	0.025208	
922.598	40.084074	-83.073744	248.56	0.018611	
923.109	40.084074	-83.073744	248.56	0.044722	
923.609	40.084074	-83.073744	248.56	0.034982	
924.112	40.084074	-83.073744	248.56	0.02315	
924.623	40.084075	-83.073744	248.56	0.021944	
925.134	40.084075	-83.073744	248.56	0.030352	
925.626	40.084075	-83.073743	248.56	0.034468	
926.156	40.084075	-83.073743	248.56	0.033439	
926.63	40.084075	-83.073743	248.56	0.024722	
927.177	40.084075	-83.073743	248.56	0.016462	
927.641	40.084075	-83.073743	248.56	0.025	
928.156	40.084075	-83.073743	248.56	0.049901	
928.66	40.084075	-83.073743	248.56	0.025	
929.17	40.084075	-83.073743	248.56	0.045786	
929.687	40.084075	-83.073743	248.56	0.033439	
930.235	40.084075	-83.073742	248.56	0.051444	
930.699	40.084076	-83.073743	248.56	0.0825	
931.222	40.084077	-83.073743	248.56	0.058132	
931.755	40.084077	-83.073743	248.56	0.038056	
932.264	40.084078	-83.073744	248.56	0.109577	
932.78	40.084078	-83.073744	248.56	0.040641	
933.262	40.084078	-83.073744	248.56	0.031896	
933.809	40.084078	-83.073744	248.56	0.038333	
934.325	40.084078	-83.073744	248.56	0.079722	
934.854	40.084078	-83.073744	248.56	0.096201	
935.387	40.084079	-83.073744	248.56	0.13427	
935.876	40.084079	-83.073744	248.56	0.079167	
936.379	40.084078	-83.073744	248.56	0.0463	
936.861	40.084079	-83.073744	248.56	0.054017	
937.394	40.084079	-83.073745	248.56	0.065833	
937.902	40.084079	-83.073745	248.56	0.055046	
938.408	40.08408	-83.073745	248.56	0.091111	
938.896	40.084081	-83.073745	248.56	0.070479	
939.415	40.084081	-83.073745	248.56	0.074594	
939.926	40.084081	-83.073745	248.56	0.079224	
940.435	40.084081	-83.073745	248.56	0.053502	
940.926	40.08408	-83.073745	248.56	0.034468	
941.474	40.08408	-83.073746	248.56	0.04167	
941.987	40.08408	-83.073746	248.56	0.034468	
942.467	40.084081	-83.073746	248.56	0.072222	
942.968	40.084082	-83.073747	248.56	0.121409	
943.467	40.084081	-83.073747	248.56	0.135556	
943.981	40.084082	-83.073747	248.56	0.123467	
944.495	40.084081	-83.073747	248.56	0.077681	
944.985	40.08408	-83.073747	248.56	0.084369	
945.494	40.08408	-83.073747	248.56	0.034167	
946.017	40.08408	-83.073748	248.56	0.042184	
946.535	40.08408	-83.073748	248.56	0.058647	
947.04	40.08408	-83.073748	248.56	0.096667	
947.54	40.08408	-83.073749	248.56	0.075109	
948.077	40.084081	-83.073749	248.56	0.124444	
948.579	40.084083	-83.073749	248.56	0.082311	
949.086	40.084084	-83.07375	248.56	0.137871	
949.586	40.084084	-83.07375	248.56	0.093629	
950.073	40.084085	-83.07375	248.56	0.094658	
950.579	40.084087	-83.073751	248.56	0.143056	
951.086	40.084088	-83.073751	248.56	0.159478	
951.757	40.084087	-83.073751	248.56	0.02	
952.252	40.084088	-83.073751	248.56	0.090542	
952.742	40.084088	-83.073752	248.56	0.088999	
953.256	40.084089	-83.073752	248.56	0.129126	
953.742	40.08409	-83.073752	248.56	0.114207	
954.256	40.084091	-83.073752	248.56	0.105976	
954.766	40.084091	-83.073752	248.56	0.100831	
955.252	40.084091	-83.073752	248.56	0.101346	
955.734	40.084094	-83.073753	248.56	0.196518	
956.247	40.084093	-83.073753	248.56	0.071508	
956.734	40.084092	-83.073753	248.56	0.084883	
957.233	40.084091	-83.073752	248.56	0.059676	
957.733	40.084091	-83.073752	248.56	0.062248	
958.234	40.084091	-83.073752	248.56	0.105	
958.732	40.084092	-83.073752	248.56	0.127068	
959.737	40.084092	-83.073752	248.56	0.130669	
960.258	40.084093	-83.073752	248.56	0.114722	
960.723	40.084094	-83.073753	248.56	0.140443	
961.22	40.084094	-83.073753	248.56	0.125278	
961.722	40.084094	-83.073753	248.56	0.077681	
962.225	40.084094	-83.073753	248.56	0.056074	
962.72	40.084093	-83.073752	248.56	0.078196	
963.22	40.084093	-83.073752	248.56	0.048872	
963.785	40.084093	-83.073752	248.56	0.102374	
964.219	40.084092	-83.073752	248.56	0.0463	
964.714	40.08409	-83.073751	248.56	0.082826	
965.223	40.084089	-83.073751	248.56	0.118837	
965.714	40.084089	-83.073751	248.56	0.094143	
966.21	40.084089	-83.073751	248.56	0.029838	
966.708	40.084091	-83.073751	248.56	0.105976	
967.208	40.08409	-83.073751	248.56	0.097778	
967.712	40.08409	-83.073751	248.56	0.0825	
968.195	40.084091	-83.073751	248.56	0.065849	
968.393	40.084091	-83.073752	248.56	0.111634	
968.92	40.084091	-83.073752	248.56	0.079739	
969.415	40.084091	-83.073752	248.56	0.079722	
969.891	0.0	0.0	248.56	0.0	
970.436	40.084089	-83.073752	248.56	0.145073	
970.973	40.08409	-83.073752	248.56	0.044242	
971.466	40.084089	-83.073752	248.56	0.034468	
971.979	40.084088	-83.073752	248.56	0.056589	
972.473	40.084086	-83.073752	248.56	0.101346	
972.996	40.084086	-83.073752	248.56	0.136842	
973.466	40.084087	-83.073752	248.56	0.115236	
973.971	40.084087	-83.073752	248.56	0.075278	
974.475	40.084086	-83.073752	248.56	0.030867	
974.946	40.084087	-83.073753	248.56	0.057103	
975.5	40.084086	-83.073753	248.56	0.017491	
976.03	40.084086	-83.073753	248.56	0.006667	
976.512	40.084084	-83.073753	248.56	0.056389	
976.997	40.084084	-83.073753	248.56	0.085912	
977.5	40.084084	-83.073753	248.56	0.039098	
978.043	40.084086	-83.073754	248.56	0.08334	
978.55	40.084085	-83.073754	248.56	0.083854	
979.068	40.084084	-83.073754	248.56	0.063056	
979.577	40.084084	-83.073753	248.56	0.044242	
980.058	40.084084	-83.073753	248.56	0.087456	
980.581	40.084083	-83.073753	248.56	0.060704	
981.068	40.084083	-83.073754	248.56	0.057618	
981.589	40.084082	-83.073753	248.56	0.089167	
982.072	40.08408	-83.073753	248.56	0.107004	
982.669	40.08408	-83.073753	248.56	0.088056	
983.219	40.084081	-83.073753	248.56	0.045786	
983.596	40.084079	-83.073753	248.56	0.039612	
984.095	40.084078	-83.073752	248.56	0.038333	
984.613	40.084076	-83.073752	248.56	0.073566	
985.152	40.084075	-83.073752	248.56	0.100831	
985.61	40.084075	-83.073752	248.56	0.088484	
986.146	40.084076	-83.073753	248.56	0.059444	
986.645	40.084077	-83.073753	248.56	0.093056	
987.17	40.084077	-83.073754	248.56	0.038583	
987.743	40.084075	-83.073753	248.56	0.03704	
988.184	40.084074	-83.073753	248.56	0.062222	
988.665	40.084073	-83.073753	248.56	0.061219	
989.163	40.084072	-83.073753	248.56	0.034982	
989.663	40.084071	-83.073753	248.56	0.105	
990.167	40.08407	-83.073753	248.56	0.043213	
990.677	40.084069	-83.073753	248.56	0.112149	
991.184	40.084068	-83.073753	248.56	0.113056	
991.699	40.084068	-83.073753	248.56	0.05	
992.209	40.084068	-83.073754	248.56	0.03241	
992.727	40.084069	-83.073754	248.56	0.0175	
993.241	40.084071	-83.073755	248.56	0.053502	
993.751	40.084071	-83.073755	248.56	0.0375	
994.264	40.084072	-83.073756	248.56	0.077222	
994.743	40.084071	-83.073756	248.56	0.113611	
995.254	40.084071	-83.073757	248.56	0.082311	
995.757	40.084072	-83.073757	248.56	0.064306	
996.271	40.084073	-83.073758	248.56	0.071508	
996.766	40.084071	-83.073757	248.56	0.059167	
997.278	40.084073	-83.073758	248.56	0.0463	
997.788	40.084072	-83.073758	248.56	0.012347	
998.302	40.084073	-83.073758	248.56	0.088484	
998.785	40.084074	-83.073758	248.56	0.056589	
999.349	40.084072	-83.073758	248.56	0.109062	
999.785	40.084072	-83.073758	248.56	0.072537	
1000.361	40.084071	-83.073758	248.56	0.031896	
1000.84	40.084069	-83.073757	248.56	0.07408	
1001.304	40.084068	-83.073757	248.56	0.074594	
1001.852	40.084066	-83.073757	248.56	0.076138	
1002.31	40.084065	-83.073757	248.56	0.104947	
1002.86	40.084062	-83.073756	248.56	0.191888	
1003.34	40.084064	-83.073756	248.56	0.08797	
1003.844	40.084063	-83.073756	248.56	0.144444	
1004.336	40.084062	-83.073756	248.56	0.126667	
1004.86	40.084063	-83.073756	248.56	0.0463	
1005.382	40.084063	-83.073756	248.56	0.026237	
1005.887	40.084063	-83.073756	248.56	0.021389	
1006.404	40.084062	-83.073756	248.56	0.053333	
1006.916	40.084062	-83.073756	248.56	0.053333	
1007.439	40.084061	-83.073756	248.56	0.105461	
1007.908	40.08406	-83.073756	248.56	0.159478	
1008.473	40.084061	-83.073756	248.56	0.089167	
1008.997	40.084062	-83.073757	248.56	0.028611	
1009.459	40.084065	-83.073758	248.56	0.07408	
1009.95	40.084065	-83.073758	248.56	0.040641	
1010.455	40.084064	-83.073758	248.56	0.038056	
1010.965	40.084064	-83.073758	248.56	0.016462	
1011.482	40.084063	-83.073758	248.56	0.106944	
1011.964	40.084062	-83.073758	248.56	0.16205	
1012.456	40.084061	-83.073758	248.56	0.115236	
1012.966	40.084061	-83.073758	248.56	0.057103	
1013.474	40.084061	-83.073758	248.56	0.057222	
1013.989	40.084059	-83.073758	248.56	0.054167	
1014.503	40.084059	-83.073758	248.56	0.011832	
1015.025	40.084057	-83.073757	248.56	0.169252	
1015.543	40.084057	-83.073757	248.56	0.169167	
1016.035	40.084056	-83.073756	248.56	0.159478	
1016.522	40.084055	-83.073756	248.56	0.126389	
1017.027	40.084058	-83.073756	248.56	0.085398	
1017.592	40.084059	-83.073756	248.56	0.124496	
1018.074	40.084058	-83.073756	248.56	0.073051	
1018.515	40.084058	-83.073756	248.56	0.073333	
1019.094	40.084055	-83.073755	248.56	0.063333	
1019.59	40.084055	-83.073754	248.56	0.045786	
1020.084	40.084055	-83.073754	248.56	0.085398	
1020.58	40.084055	-83.073754	248.56	0.085556	
1021.09	40.084053	-83.073753	248.56	0.133241	
1021.604	40.084052	-83.073753	248.56	0.126039	
1022.114	40.084051	-83.073752	248.56	0.139929	
1022.617	40.084052	-83.073753	248.56	0.085398	
1023.131	40.084052	-83.073753	248.56	0.085556	
1023.636	40.084052	-83.073753	248.56	0.12501	
1024.134	40.084052	-83.073753	248.56	0.125	
1024.672	40.084052	-83.073753	248.56	0.1175	
1025.144	40.084051	-83.073753	248.56	0.131667	
1025.659	40.084053	-83.073754	248.56	0.068421	
1026.557	40.084054	-83.073754	248.56	0.080768	
1027.057	40.084054	-83.073754	248.56	0.084722	
1027.555	40.084055	-83.073755	248.56	0.032924	
1028.052	40.084055	-83.073755	248.56	0.050556	
1028.556	40.084057	-83.073756	248.56	0.076138	
1029.051	40.084059	-83.073756	248.56	0.043611	
1029.555	40.08406	-83.073756	248.56	0.067778	
1030.071	40.084062	-83.073757	248.56	0.051667	
1030.561	40.084063	-83.073757	248.56	0.090028	
1031.044	40.084065	-83.073758	248.56	0.08	
1031.553	40.084066	-83.073758	248.56	0.08334	
1032.046	40.084066	-83.073759	248.56	0.115556	
1032.576	40.084068	-83.073759	248.56	0.128611	
1033.039	40.084069	-83.07376	248.56	0.088484	
1033.543	40.08407	-83.07376	248.56	0.108611	
1034.047	40.084072	-83.07376	248.56	0.092222	
1034.576	40.084075	-83.073762	248.56	0.151944	
1035.037	40.084075	-83.073762	248.56	0.143333	
1035.536	40.084077	-83.073763	248.56	0.158449	
1036.032	40.084076	-83.073762	248.56	0.048872	
1036.533	40.084076	-83.073762	248.56	0.049167	
1037.014	40.084079	-83.073764	248.56	0.122438	
1037.281	40.084079	-83.073764	248.56	0.1225	
1037.863	0.0	0.0	248.56	0.1225	
1038.408	0.0	0.0	248.56	0.0	
1038.897	40.08408	-83.073765	248.56	0.158963	
1039.431	40.084081	-83.073764	248.56	0.05093	
1039.921	40.084083	-83.073766	248.56	0.141472	
1040.446	40.084085	-83.073766	248.56	0.073051	
1040.93	40.084086	-83.073766	248.56	0.126111	
1041.47	40.084089	-83.073767	248.56	0.128611	
1041.943	40.08409	-83.073769	248.56	0.17594	
1042.462	40.08409	-83.073768	248.56	0.143016	
1042.974	40.084091	-83.073768	248.56	0.155833	
1043.49	40.084089	-83.073767	248.56	0.095172	
1043.973	40.08409	-83.073766	248.56	0.116264	
1044.502	40.08409	-83.073766	248.56	0.158333	
1044.991	40.08409	-83.073766	248.56	0.174911	
1045.539	40.08409	-83.073765	248.56	0.179027	
1046.031	40.08409	-83.073766	248.56	0.077167	
1046.524	40.084089	-83.073764	248.56	0.073051	
1047.001	40.084089	-83.073764	248.56	0.081111	
1047.517	40.084088	-83.073764	248.56	0.086667	
1048.041	40.084088	-83.073764	248.56	0.128097	
1048.506	40.084087	-83.073763	248.56	0.075109	
1049.1	40.084087	-83.073764	248.56	0.095172	
1049.547	40.084087	-83.073764	248.56	0.095278	
1050.022	40.084086	-83.073763	248.56	0.052473	
1050.551	40.084085	-83.073763	248.56	0.081111	
1051.027	40.084084	-83.073764	248.56	0.149189	
1051.566	40.084085	-83.073765	248.56	0.147778	
1052.067	40.084083	-83.073765	248.56	0.181599	
1052.577	40.084083	-83.073765	248.56	0.119351	
1053.085	40.084083	-83.073766	248.56	0.080253	
1053.536	40.084082	-83.073766	248.56	0.0463	
1054.057	40.084083	-83.073767	248.56	0.113333	
1054.583	40.084082	-83.073766	248.56	0.073051	
1055.073	40.084081	-83.073766	248.56	0.095687	
1055.576	40.08408	-83.073766	248.56	0.135	
1056.075	40.08408	-83.073767	248.56	0.151389	
1056.572	40.084078	-83.073766	248.56	0.073051	
1057.079	40.084078	-83.073766	248.56	0.080556	
1057.612	40.084077	-83.073766	248.56	0.040127	
1058.131	40.084077	-83.073767	248.56	0.048358	
1058.654	40.084075	-83.073765	248.56	0.056589	
1059.221	40.084075	-83.073766	248.56	0.074594	
1059.701	40.084074	-83.073766	248.56	0.043333	
1060.201	40.084073	-83.073766	248.56	0.007202	
1060.739	40.084073	-83.073766	248.56	0.045271	
1061.206	40.084072	-83.073766	248.56	0.015556	
1061.736	40.084071	-83.073765	248.56	0.030833	
1062.222	40.084071	-83.073765	248.56	0.021944	
1062.74	40.08407	-83.073765	248.56	0.057618	
1063.216	40.08407	-83.073765	248.56	0.050556	
1063.765	40.084069	-83.073765	248.56	0.016389	
1064.253	40.084068	-83.073764	248.56	0.054017	
1064.788	40.084067	-83.073764	248.56	0.043611	
1065.26	40.084067	-83.073764	248.56	0.039098	
1065.788	40.084066	-83.073764	248.56	0.103403	
1066.278	40.084064	-83.073763	248.56	0.059161	
1066.818	40.084063	-83.073763	248.56	0.061219	
1067.296	40.084061	-83.073762	248.56	0.085398	
1067.792	40.08406	-83.073762	248.56	0.039612	
1068.416	40.084058	-83.073761	248.56	0.137871	
1068.805	40.084058	-83.073761	248.56	0.1025	
1069.315	40.084057	-83.073761	248.56	0.070278	
1069.886	40.084056	-83.073761	248.56	0.094722	
1070.335	40.084055	-83.07376	248.56	0.097744	
1070.842	40.084055	-83.07376	248.56	0.073889	
1071.343	40.084054	-83.07376	248.56	0.01389	
1071.941	40.084053	-83.07376	248.56	0.070479	
1072.366	40.084052	-83.073759	248.56	0.035556	
1072.854	40.084049	-83.073758	248.56	0.159992	
1073.37	40.084047	-83.073757	248.56	0.169252	
1073.923	40.084046	-83.073757	248.56	0.141472	
1074.425	40.084046	-83.073757	248.56	0.078056	
1074.927	40.084045	-83.073757	248.56	0.096111	
1075.452	40.084045	-83.073757	248.56	0.022121	
1075.935	40.084046	-83.073758	248.56	0.043213	
1076.427	40.084046	-83.073758	248.56	0.026751	
1076.922	40.084045	-83.073757	248.56	0.066363	
1077.457	40.084045	-83.073757	248.56	0.043213	
1077.969	40.084045	-83.073757	248.56	0.016977	
1078.457	40.084044	-83.073756	248.56	0.06019	
1079.004	40.084044	-83.073756	248.56	0.06	
1079.481	40.084043	-83.073756	248.56	0.043333	
1079.975	40.084043	-83.073756	248.56	0.043333	
1080.506	40.084044	-83.073757	248.56	0.099802	
1081.026	40.084045	-83.073757	248.56	0.050416	
1081.544	40.084045	-83.073757	248.56	0.044757	
1082.049	40.084045	-83.073757	248.56	0.031381	
1082.539	40.084045	-83.073757	248.56	0.031389	
1083.077	40.084044	-83.073757	248.56	0.082778	
1083.526	40.084044	-83.073757	248.56	0.011944	
1084.093	40.084044	-83.073757	248.56	0.02778	
1084.558	40.084045	-83.073758	248.56	0.075109	
1085.045	40.084045	-83.073758	248.56	0.039612	
1085.586	40.084046	-83.073759	248.56	0.080253	
1086.127	40.084046	-83.073759	248.56	0.065334	
1086.565	40.084046	-83.073758	248.56	0.066363	
1087.12	40.084046	-83.073758	248.56	0.040127	
1087.559	40.084045	-83.073758	248.56	0.032222	
1088.084	40.084044	-83.073757	248.56	0.041111	
1088.607	40.084042	-83.073757	248.56	0.094167	
1089.105	40.084042	-83.073757	248.56	0.094167	
1089.612	40.084044	-83.073758	248.56	0.021092	
1090.105	40.084045	-83.073759	248.56	0.100831	
1090.621	40.084046	-83.073759	248.56	0.045271	
1091.128	40.084046	-83.073759	248.56	0.045	
1091.63	40.084045	-83.073758	248.56	0.071667	
1092.137	40.084045	-83.073759	248.56	0.010833	
1092.666	40.084047	-83.073759	248.56	0.048872	
1093.171	40.084048	-83.07376	248.56	0.081797	
1093.685	40.084049	-83.073761	248.56	0.08334	
1094.179	40.084049	-83.073761	248.56	0.083611	
1094.714	40.08405	-83.073762	248.56	0.076138	
1095.184	40.08405	-83.073761	248.56	0.022222	
1095.703	40.084049	-83.073761	248.56	0.067907	
1096.38	40.084048	-83.073761	248.56	0.017491	
1096.883	40.084048	-83.073761	248.56	0.018006	
1097.383	40.084048	-83.073761	248.56	0.026944	
1097.881	40.084047	-83.07376	248.56	0.059161	
