742.401	40.084112	-83.07188	267.86	1.012427	
742.899	40.084112	-83.071883	266.99	1.10657	
743.415	40.084113	-83.071886	266.7	1.142222	
743.92	40.084113	-83.071886	266.7	1.142222	
744.409	40.084113	-83.07189	266.3	1.205833	
744.936	40.084113	-83.071893	266.09	1.273056	
745.448	40.084112	-83.071896	265.68	1.288889	
745.931	40.084109	-83.071936	263.87	1.8925	
746.439	40.084108	-83.071946	264.07	2.118056	
746.954	40.084108	-83.071951	264.06	2.195134	
747.454	40.084108	-83.071951	264.06	2.195278	
747.972	40.084107	-83.071962	264.33	2.336092	
748.459	40.084106	-83.071968	263.85	2.51	
748.971	40.084105	-83.071974	263.55	2.614921	
749.446	40.084098	-83.072061	265.12	3.530632	
749.958	40.084097	-83.072069	265.28	3.592366	
750.46	40.084097	-83.072069	265.28	3.592222	
750.954	40.084096	-83.072078	265.15	3.6575	
751.472	40.084095	-83.072095	265.68	3.776022	
751.975	40.084094	-83.072104	265.27	3.871709	
752.474	40.084094	-83.072113	265.73	3.901032	
752.99	40.084088	-83.072228	267.97	5.091111	
753.513	40.084088	-83.07224	268.14	5.152778	
754.048	40.084088	-83.072253	268.06	5.268056	
754.52	40.084088	-83.072266	268.26	5.443337	
755.033	40.084087	-83.072279	268.12	5.635278	
755.534	40.084086	-83.072308	268.06	6.096389	
756.035	40.084086	-83.072323	268.11	6.287778	
756.551	40.084085	-83.072339	268.03	6.505556	
757.047	40.084078	-83.072558	267.36	8.542864	
757.55	40.084078	-83.072558	267.36	8.542778	
758.035	40.084076	-83.0726	267.41	8.901947	
758.558	40.084076	-83.0726	267.41	8.901944	
759.072	40.084074	-83.072644	267.27	9.275433	
759.576	40.084073	-83.072666	267.26	9.42205	
760.05	40.084063	-83.072935	266.86	11.022487	
760.567	40.084062	-83.072961	266.64	11.010654	
761.057	40.084061	-83.072987	266.52	11.047694	
761.566	40.084058	-83.073038	266.38	11.041521	
762.071	40.084057	-83.073064	266.47	10.960278	
762.574	40.084056	-83.073089	266.45	10.910556	
763.098	40.084056	-83.073089	266.45	10.910556	
763.609	40.084044	-83.073394	266.97	10.944806	
764.12	40.084044	-83.073394	266.97	10.944444	
764.621	40.084043	-83.073419	267.22	10.895278	
765.13	40.084042	-83.073445	267.2	10.907222	
765.641	40.084041	-83.07347	266.78	10.913889	
766.148	40.08404	-83.073496	266.49	10.927222	
766.633	40.084037	-83.073547	266.36	10.883072	
767.174	40.084037	-83.073547	266.36	10.883056	
767.67	40.084026	-83.073835	267.41	9.905556	
768.169	40.084025	-83.073858	267.38	9.853611	
768.676	40.084024	-83.073904	267.71	9.724029	
769.188	40.084023	-83.073926	267.83	9.66744	
769.693	40.084023	-83.073926	267.83	9.667222	
770.193	40.084023	-83.073948	267.86	9.570278	
770.694	40.084021	-83.074214	270.48	9.632458	
771.207	40.084021	-83.074237	270.5	9.642222	
771.708	40.084021	-83.074259	270.81	9.686667	
772.227	40.084022	-83.074282	271.11	9.656111	
772.723	40.084022	-83.074305	271.17	9.623889	
773.227	40.084023	-83.074328	271.8	9.581389	
773.735	40.084024	-83.07435	272.3	9.556111	
774.246	40.084035	-83.074587	273.33	7.175471	
774.751	40.084035	-83.074587	273.33	7.175278	
775.25	40.084035	-83.074617	270.98	6.494347	
775.765	40.084034	-83.074631	268.83	6.167674	
776.255	40.084032	-83.074644	266.04	5.842778	
804.42	40.084113	-83.071812	262.42	4.553862	
804.931	40.084112	-83.071822	263.14	4.397986	
805.44	40.084112	-83.071832	264.3	4.423708	
805.949	40.084111	-83.071843	265.36	4.385124	
806.449	40.084111	-83.071863	266.43	4.312073	
806.962	40.08411	-83.071873	266.86	4.251111	
807.448	40.08411	-83.071883	267.09	4.187778	
807.97	40.084109	-83.071988	267.63	3.804722	
808.47	40.084109	-83.071997	267.85	3.747728	
808.971	40.084109	-83.072006	268.08	3.665931	
809.546	40.084109	-83.072006	268.08	3.665833	
810.025	40.084109	-83.072023	267.7	3.478673	
810.55	40.084109	-83.072031	267.43	3.431859	
811.05	40.084107	-83.072113	267.25	3.34286	
811.558	40.084107	-83.07212	267.21	2.923611	
812.077	40.084107	-83.072134	267.2	2.95857	
812.583	40.084106	-83.072149	266.71	3.170521	
813.083	40.084106	-83.072157	266.54	3.415397	
813.593	40.084105	-83.072166	266.57	3.622222	
814.098	40.084105	-83.072176	266.76	3.913333	
814.605	40.084105	-83.072186	266.36	4.218333	
815.154	40.084104	-83.072197	266.15	4.529167	
815.618	40.084097	-83.072373	266.17	6.875036	
816.128	40.084096	-83.07239	265.99	6.960948	
816.631	40.084095	-83.072407	265.63	7.068889	
817.128	40.084094	-83.072423	265.49	7.137917	
817.644	40.084093	-83.07244	265.15	7.204794	
818.139	40.084093	-83.07244	265.15	7.204722	
818.647	40.084082	-83.072652	267.69	7.653904	
819.158	40.084082	-83.072652	267.69	7.653889	
819.654	40.084081	-83.07267	267.94	7.705833	
820.181	40.084081	-83.072707	268.23	7.816469	
820.665	40.08408	-83.072725	267.98	7.893333	
821.172	40.08408	-83.072744	267.9	7.920833	
821.682	40.084079	-83.072763	267.8	8.000833	
822.208	40.084079	-83.072782	267.73	8.075	
822.694	40.084069	-83.073035	266.95	9.801944	
823.197	40.084069	-83.073058	267.11	9.952778	
823.708	40.084068	-83.073082	267.11	10.044444	
824.21	40.084067	-83.073106	267.27	10.135	
824.723	40.084066	-83.07313	267.31	10.293889	
825.225	40.084065	-83.073155	267.4	10.385278	
825.713	40.084053	-83.073431	266.23	10.911367	
826.233	40.084052	-83.073456	266.21	10.948056	
826.745	40.084049	-83.073508	266.41	11.0325	
827.26	40.084047	-83.07356	266.45	11.171161	
827.754	40.084047	-83.07356	266.45	11.171111	
828.252	40.084045	-83.073613	266.6	11.274167	
828.759	40.084043	-83.07364	266.69	11.329722	
829.255	40.084042	-83.073666	266.86	11.375833	
829.776	40.084031	-83.073995	267.85	11.815	
830.314	40.08403	-83.074022	268.25	11.749722	
830.778	40.08403	-83.074078	269.12	11.797222	
831.278	40.08403	-83.074105	269.37	11.756944	
831.791	40.08403	-83.07416	270.95	11.629444	
832.289	40.084032	-83.074213	272.51	11.380026	
832.8	40.084034	-83.074239	273.54	11.184167	
833.3	40.084035	-83.074265	274.39	10.925771	
833.814	40.084037	-83.074289	275.05	10.727778	
949.467	40.084101	-83.072238	0.0	0.586467	
949.971	40.084101	-83.07224	0.0	0.550278	
950.472	40.084101	-83.072241	0.0	0.597222	
950.973	40.0841	-83.072259	0.0	0.679722	
951.514	40.0841	-83.072261	0.0	0.713611	
951.98	40.0841	-83.072267	0.0	0.864267	
952.493	40.0841	-83.072267	0.0	0.864167	
952.993	40.0841	-83.072269	0.0	0.914722	
953.5	40.084099	-83.072272	0.0	0.971667	
953.998	40.084099	-83.072275	265.12	1.045278	
954.518	40.084099	-83.072277	265.88	1.09	
955.041	40.084098	-83.072322	267.08	1.698889	
955.526	40.084098	-83.072326	267.07	1.757778	
956.042	40.084097	-83.07233	266.3	1.784444	
956.55	40.084097	-83.072335	266.44	1.844722	
957.048	40.084097	-83.07234	266.83	1.948333	
957.555	40.084096	-83.072351	265.49	2.301624	
958.06	40.084096	-83.072357	265.66	2.448756	
958.564	40.084096	-83.072363	265.5	2.624696	
959.07	40.084092	-83.072468	266.72	4.8675	
959.59	40.084091	-83.07248	266.78	4.996389	
960.093	40.084091	-83.072493	266.75	5.141667	
960.593	40.08409	-83.072506	266.92	5.357778	
961.091	40.08409	-83.072519	266.75	5.569444	
961.594	40.084088	-83.072547	266.8	5.845632	
962.097	40.084088	-83.072562	266.44	6.082778	
962.612	40.084078	-83.072753	266.11	8.019167	
963.108	40.084077	-83.072772	265.84	8.186869	
963.615	40.084076	-83.072792	265.74	8.260949	
964.117	40.084075	-83.072812	265.51	8.37567	
964.627	40.084074	-83.072832	265.47	8.488333	
965.141	40.084074	-83.072832	265.47	8.488333	
965.651	40.084073	-83.072852	265.47	8.538889	
966.149	40.084059	-83.073145	266.91	10.268311	
966.648	40.084057	-83.073194	267.28	10.408333	
967.165	40.084056	-83.073219	267.06	10.4825	
967.664	40.084054	-83.073268	267.44	10.545833	
968.168	40.084053	-83.073293	267.41	10.632222	
968.65	40.084052	-83.073318	267.29	10.675556	
969.218	40.084051	-83.073343	267.4	10.733333	
969.699	40.08405	-83.073369	267.31	10.740833	
970.218	40.084037	-83.073681	266.75	11.052839	
970.706	40.084035	-83.073706	266.62	10.968056	
971.21	40.084034	-83.073732	266.38	11.023333	
971.721	40.084033	-83.073758	266.46	10.954167	
972.204	40.08403	-83.073809	266.69	10.976667	
972.726	40.084029	-83.073834	266.58	10.928343	
973.253	40.084028	-83.07386	266.69	10.918569	
973.747	40.084027	-83.073886	266.39	10.918569	
974.265	40.084031	-83.074176	276.58	9.525453	
1145.164	40.084117	-83.071696	0.0	0.041389	
1145.64	40.084117	-83.071697	0.0	0.052473	
1146.15	40.084117	-83.071697	0.0	0.052778	
1146.65	40.084116	-83.071698	0.0	0.133056	
1147.163	40.084116	-83.071698	0.0	0.110091	
1147.665	40.084115	-83.071703	0.0	0.283973	
1148.193	40.084114	-83.071704	0.0	0.338333	
1148.684	40.084115	-83.071705	0.0	0.416111	
1149.19	40.084115	-83.071707	0.0	0.496389	
1149.692	40.084115	-83.071709	0.0	0.506213	
1150.191	40.084115	-83.071711	0.0	0.578236	
1150.701	40.084115	-83.071711	0.0	0.578056	
1151.202	40.084112	-83.071736	0.0	0.957896	
1151.702	40.084112	-83.071738	0.0	0.88	
1163.243	40.084109	-83.071755	0.0	0.0	
1163.771	40.084109	-83.071755	0.0	0.0	
1164.274	40.084109	-83.071755	0.0	0.0	
1164.785	40.084109	-83.071755	0.0	0.0	
1165.287	40.084109	-83.071755	0.0	0.0	
1165.793	40.084109	-83.071755	0.0	0.0	
1166.281	40.084109	-83.071755	0.0	0.0	
1166.792	40.084109	-83.071755	0.0	0.030352	
1167.3	40.08411	-83.071756	0.0	0.0	
1167.808	40.08411	-83.071756	0.0	0.0	
1168.32	40.08411	-83.071756	0.0	0.0	
1168.828	40.08411	-83.071756	0.0	0.0	
1169.332	40.08411	-83.071756	0.0	0.0	
1169.838	40.08411	-83.071756	0.0	0.0	
1170.341	40.08411	-83.071756	0.0	0.0	
1170.857	40.084109	-83.071757	0.0	0.059722	
1171.362	40.084109	-83.071757	0.0	0.043611	
1171.864	40.084109	-83.071757	0.0	0.046389	
1172.369	40.084109	-83.071757	0.0	0.02	
1172.871	40.084109	-83.071757	0.0	0.0	
1173.389	40.084109	-83.071757	0.0	0.0	
1173.87	40.084109	-83.071757	0.0	0.0	
1174.379	40.084109	-83.071757	0.0	0.0	
1174.88	40.084109	-83.071757	0.0	0.0	
1175.381	40.084109	-83.071757	0.0	0.0	
1175.887	40.084109	-83.071757	0.0	0.0	
1176.39	40.084109	-83.071757	0.0	0.0	
1176.893	40.084109	-83.071757	0.0	0.0	
1177.392	40.084109	-83.071757	0.0	0.0	
1177.892	40.084109	-83.071757	0.0	0.0	
1178.394	40.084109	-83.071757	0.0	0.0	
1178.903	40.084109	-83.071757	0.0	0.0	
1179.404	40.084109	-83.071758	0.0	0.0463	
1179.913	40.084109	-83.071758	0.0	0.046111	
1180.423	40.08411	-83.07176	0.0	0.0	
1180.936	40.08411	-83.07176	0.0	0.0	
1181.423	40.08411	-83.07176	0.0	0.0	
1181.921	40.08411	-83.07176	0.0	0.0	
1182.436	40.08411	-83.07176	0.0	0.0	
1182.941	40.08411	-83.07176	0.0	0.0	
1183.453	40.08411	-83.07176	0.0	0.0	
1183.961	40.08411	-83.07176	0.0	0.0	
1184.463	40.08411	-83.07176	0.0	0.0	
1184.972	40.08411	-83.07176	0.0	0.0	
1185.473	40.08411	-83.07176	0.0	0.0	
1198.746	40.084111	-83.071775	0.0	0.077681	
1199.247	40.084111	-83.071775	0.0	0.034982	
1199.753	40.084111	-83.071775	0.0	0.035278	
1200.265	40.084111	-83.071775	0.0	0.006667	
1200.772	40.084111	-83.071776	0.0	0.033611	
1201.274	40.084111	-83.071776	0.0	0.033611	
1201.805	40.084111	-83.071776	0.0	0.0	
1202.287	40.084111	-83.071776	0.0	0.0	
1202.791	40.084111	-83.071776	0.0	0.0	
1203.29	40.084111	-83.071776	0.0	0.0	
1203.792	40.084111	-83.071776	0.0	0.0	
1204.296	40.084111	-83.071776	0.0	0.0	
1204.793	40.084111	-83.071776	0.0	0.0	
1205.306	40.084111	-83.071776	0.0	0.0	
1205.812	40.084111	-83.071776	0.0	0.0	
1206.31	40.084111	-83.071776	0.0	0.0	
1206.815	40.084111	-83.071776	0.0	0.0	
1207.323	40.084111	-83.071776	0.0	0.0	
1275.977	40.084116	-83.071783	0.0	0.031944	
1276.482	40.084116	-83.071783	0.0	0.031944	
1276.99	40.084116	-83.071783	0.0	0.0	
1277.501	40.084116	-83.071783	0.0	0.0	
1278.008	40.084116	-83.071783	0.0	0.0	
1278.528	40.084116	-83.071783	0.0	0.0	
1279.012	40.084116	-83.071783	0.0	0.0	
1279.529	40.084116	-83.071783	0.0	0.0	
1280.028	40.084116	-83.071783	0.0	0.0	
1280.54	40.084116	-83.071783	0.0	0.0	
1281.059	40.084116	-83.071783	0.0	0.0	
1281.552	40.084116	-83.071783	0.0	0.0	
1282.055	40.084116	-83.071783	0.0	0.0	
1282.566	40.084116	-83.071783	0.0	0.0	
1283.066	40.084116	-83.071783	0.0	0.0	
1283.568	40.084116	-83.071783	0.0	0.0	
1284.081	40.084116	-83.071783	0.0	0.0	
1284.584	40.084117	-83.071783	0.0	0.0	
1285.092	40.084117	-83.071783	0.0	0.0	
1285.603	40.084117	-83.071783	0.0	0.0	
1286.107	40.084117	-83.071783	0.0	0.019167	
1286.613	40.084117	-83.071782	0.0	0.004722	
1287.113	40.084117	-83.071782	0.0	0.0	
1287.618	40.084117	-83.071782	0.0	0.0	
1288.132	40.084117	-83.071782	0.0	0.0	
1288.63	40.084117	-83.071782	0.0	0.0	
1289.146	40.084117	-83.071782	0.0	0.0	
1289.644	40.084117	-83.071782	0.0	0.0	
1290.152	40.084117	-83.071782	0.0	0.0	
1290.655	40.084117	-83.071782	0.0	0.0	
1291.166	40.084117	-83.071782	0.0	0.0	
1291.675	40.084117	-83.071782	0.0	0.0	
1292.184	40.084117	-83.071782	0.0	0.0	
1292.69	40.084117	-83.071782	0.0	0.0	
1293.194	40.084117	-83.071782	0.0	0.0	
1293.703	40.084117	-83.071782	0.0	0.233611	
1294.221	40.084117	-83.071783	0.0	0.380278	
1294.705	40.084117	-83.071785	0.0	0.582778	
1295.246	40.084113	-83.071845	267.07	3.146857	
1295.727	40.084113	-83.071845	267.07	3.146944	
1296.274	40.084112	-83.071861	267.58	3.39379	
1296.732	40.084112	-83.071869	267.67	3.543611	
1297.243	40.084111	-83.071878	267.91	3.681389	
1297.736	40.08411	-83.071897	267.67	3.903604	
1298.228	40.08411	-83.071897	267.67	3.903611	
1298.754	40.084105	-83.072016	267.03	5.011667	
1299.264	40.084104	-83.072029	267.12	5.093056	
1299.761	40.084103	-83.072054	266.83	5.300836	
1300.269	40.084102	-83.072067	266.9	5.432533	
1300.761	40.084102	-83.072067	266.9	5.432778	
1301.269	40.084101	-83.072081	267.14	5.53748	
1301.784	40.084094	-83.072226	266.94	6.536944	
1302.285	40.084093	-83.072258	266.91	6.710413	
1302.835	40.084092	-83.072289	267.17	6.77832	
1303.286	40.084092	-83.072289	267.17	6.778056	
1303.796	40.08409	-83.072322	266.75	6.796667	
1304.308	40.08409	-83.072337	266.83	6.803611	
1304.813	40.084089	-83.072353	266.77	6.697222	
1305.318	40.084081	-83.072523	267.02	6.608039	
1305.82	40.084081	-83.072539	267.11	6.612778	
1306.335	40.08408	-83.072554	266.92	6.61164	
1306.825	40.08408	-83.072554	266.92	6.611667	
1307.338	40.084079	-83.072586	267.07	6.674444	
1307.833	40.084079	-83.072601	266.97	6.675833	
1308.321	40.084078	-83.072617	267.03	6.671667	
1308.826	40.084077	-83.072648	266.91	6.656667	
1309.338	40.084071	-83.072821	267.19	6.663611	
1309.83	40.08407	-83.072852	267.5	6.641111	
1310.343	40.084069	-83.072867	267.49	6.646389	
1310.851	40.084069	-83.072883	267.18	6.622222	
1311.35	40.084068	-83.072914	267.49	6.6325	
1311.857	40.084068	-83.072914	267.49	6.6325	
1312.404	40.084066	-83.072945	267.68	6.622778	
1312.897	40.084066	-83.07296	267.34	6.616667	
1313.399	40.084059	-83.073146	267.15	6.532778	
1313.907	40.084059	-83.073162	267.04	6.553508	
1314.406	40.084058	-83.073177	267.03	6.535556	
1314.919	40.084058	-83.073192	266.92	6.511111	
1315.409	40.084057	-83.073208	267.05	6.533611	
1315.919	40.084056	-83.073223	266.85	6.465833	
1316.43	40.08405	-83.073387	266.82	6.479428	
1316.931	40.084049	-83.073415	266.66	6.160833	
1317.452	40.084048	-83.07343	266.67	6.199722	
1317.945	40.084048	-83.073444	266.59	6.175278	
1318.451	40.084046	-83.073473	266.28	6.17	
1318.962	40.084046	-83.073488	266.27	6.180021	
1319.487	40.084045	-83.073502	266.12	6.164722	
1319.968	40.084045	-83.073516	266.46	6.140833	
1320.469	40.084043	-83.073544	266.27	6.051389	
1320.982	40.084036	-83.073693	266.39	5.76	
1321.493	40.084036	-83.073706	266.09	5.754576	
1321.998	40.084035	-83.07372	265.98	5.766944	
1322.496	40.084034	-83.073733	265.94	5.765556	
1323.045	40.084033	-83.07376	265.68	5.72	
1323.512	40.084032	-83.073773	265.64	5.717021	
1324.021	40.084031	-83.073786	265.52	5.693889	
1324.529	40.084024	-83.073939	265.39	5.7425	
1325.028	40.084024	-83.073954	267.35	6.172222	
1325.54	40.084023	-83.073984	267.62	6.332811	
1326.042	40.084022	-83.074029	268.41	6.444446	
1326.568	40.084021	-83.074044	268.4	6.430041	
1327.061	40.084021	-83.074059	269.05	6.441359	
1327.565	40.084021	-83.074074	269.64	6.488333	
1328.076	40.084021	-83.074089	270.11	6.458056	
1328.578	40.084022	-83.074119	271.01	6.395556	
1329.095	40.084039	-83.074277	282.64	6.049167	
1329.591	40.084044	-83.074305	283.48	5.982474	
1330.093	40.084044	-83.074305	283.48	5.9825	
1330.604	40.084051	-83.074359	278.61	5.711877	
1331.104	40.084051	-83.074372	276.03	5.6486	
1331.616	40.084051	-83.074385	273.11	5.5125	
1332.115	40.08405	-83.074398	270.41	5.424444	
1332.616	40.084049	-83.07441	267.02	5.2925	
1333.121	40.084046	-83.074421	262.92	4.941667	
1333.631	40.083983	-83.074472	178.4	3.436667	
1334.147	40.083983	-83.074472	178.4	3.436667	
1334.652	40.083972	-83.074464	162.01	3.576418	
1335.153	40.083968	-83.074459	153.91	3.603683	
1335.659	40.083964	-83.074452	145.93	3.553056	
1336.167	40.08396	-83.074445	137.59	3.623611	
1336.665	40.083954	-83.074427	123.85	3.982314	
1337.165	40.08395	-83.074407	113.05	4.162222	
1337.67	40.08395	-83.074232	88.61	8.837127	
1338.173	40.083952	-83.074185	87.9	9.809427	
1338.684	40.083953	-83.074158	88.24	10.62	
1339.19	40.083954	-83.07413	87.74	11.360833	
1339.699	40.083955	-83.0741	87.84	12.081944	
1340.194	40.083956	-83.074068	87.87	12.713333	
1340.695	40.083959	-83.074002	87.24	13.916237	
1341.197	40.08396	-83.073966	87.21	14.665	
1341.698	40.083961	-83.073929	87.52	15.2975	
1342.196	40.083987	-83.073313	86.73	22.956054	
1342.704	40.083987	-83.073313	86.73	22.956111	
1343.21	40.083992	-83.073201	86.63	23.771389	
1343.714	40.083995	-83.073144	86.51	24.094167	
1393.09	40.084159	-83.070843	0.0	0.0	
1393.601	40.084159	-83.070843	0.0	0.0	
1394.091	40.084159	-83.070843	0.0	0.0	
1394.611	40.084159	-83.070843	0.0	0.0	
1395.121	40.084159	-83.070843	0.0	0.0	
1395.654	40.084159	-83.070843	0.0	0.0	
1396.138	40.084159	-83.070843	0.0	0.0	
1396.652	40.084159	-83.070843	0.0	0.0	
1397.152	40.08416	-83.070848	0.0	0.473289	
1397.663	40.08416	-83.070853	0.0	0.624536	
1398.188	40.08416	-83.070855	0.0	0.719708	
1398.675	40.08416	-83.070855	0.0	0.72	
1399.164	40.08416	-83.070857	0.0	0.800833	
1399.672	40.084159	-83.070859	0.0	0.843174	
1400.184	40.084159	-83.070894	266.83	1.358133	
1400.696	40.084159	-83.070894	266.83	1.358056	
1401.196	40.084159	-83.070897	266.45	1.356111	
1401.695	40.084159	-83.070901	266.7	1.366667	
1402.203	40.084159	-83.070905	266.42	1.432222	
1402.714	40.084159	-83.070908	266.62	1.418333	
1403.224	40.084158	-83.070915	266.57	1.43993	
1403.745	40.084156	-83.070957	266.4	1.579859	
1404.235	40.084156	-83.070961	266.25	1.614841	
1404.736	40.084156	-83.070965	265.82	1.588889	
1405.235	40.084156	-83.070969	265.74	1.564722	
1405.745	40.084156	-83.070973	266.31	1.583056	
1406.239	40.084156	-83.070977	266.41	1.573056	
1406.743	40.084154	-83.071016	266.25	1.616899	
1407.249	40.084154	-83.07102	265.83	1.641111	
1407.761	40.084154	-83.071023	265.5	1.613333	
1408.274	40.084154	-83.071027	265.37	1.634722	
1408.777	40.084154	-83.071031	265.33	1.636111	
1409.272	40.084153	-83.071035	265.79	1.626673	
1409.77	40.084151	-83.071079	265.63	1.635419	
1410.282	40.084151	-83.071079	265.63	1.635556	
1410.794	40.084151	-83.071083	266.12	1.628889	
1411.306	40.084151	-83.071087	265.84	1.609182	
1411.81	40.08415	-83.071091	265.87	1.656511	
1412.312	40.08415	-83.071095	266.19	1.617222	
1412.813	40.08415	-83.071102	265.59	1.629167	
1413.307	40.08415	-83.071102	265.59	1.629167	
1413.829	40.084147	-83.071154	267.13	1.650338	
1414.341	40.084147	-83.071154	267.13	1.650556	
1414.839	40.084147	-83.071162	267.05	1.6575	
1415.359	40.084147	-83.071166	266.32	1.616111	
1415.831	40.084147	-83.07117	266.28	1.656389	
1416.371	40.084146	-83.071174	266.98	1.67	
1416.871	40.084146	-83.071174	266.98	1.67	
1417.378	40.084144	-83.071228	265.93	1.840168	
1417.899	40.084144	-83.071228	265.93	1.84	
1418.394	40.084143	-83.071237	266.4	1.999131	
1418.905	40.084143	-83.071243	266.12	2.050278	
1419.403	40.084142	-83.071254	267.11	2.35667	
1419.911	40.084142	-83.07126	267.45	2.413333	
1420.415	40.084142	-83.071266	267.43	2.538056	
1420.92	40.084141	-83.071279	267.72	2.73633	
1421.427	40.084137	-83.071373	266.9	3.863478	
1421.929	40.084137	-83.071373	266.9	3.863333	
1422.436	40.084136	-83.071403	267.14	4.185556	
1422.948	40.084136	-83.071403	267.14	4.185556	
1423.446	40.084135	-83.071423	266.93	4.358888	
1423.963	40.084135	-83.071434	266.82	4.499846	
1424.46	40.084133	-83.071469	266.85	5.097116	
1424.966	40.084132	-83.071482	266.53	5.308333	
1425.471	40.084132	-83.071495	266.53	5.659444	
1425.98	40.084122	-83.071707	266.72	8.537778	
1426.481	40.08412	-83.071749	266.83	9.003333	
1426.995	40.084118	-83.071793	267.12	9.342826	
1427.5	40.084118	-83.071793	267.12	9.342778	
1428.015	40.084117	-83.071815	266.95	9.473889	
1428.525	40.084116	-83.071838	266.91	9.586667	
1429.034	40.084113	-83.071907	266.84	9.76004	
1429.53	40.084112	-83.07193	266.91	9.845438	
1430.056	40.08411	-83.071977	267.06	9.946667	
1430.545	40.08411	-83.072001	266.92	9.990556	
1431.051	40.084109	-83.072025	267.18	10.0475	
1431.547	40.084096	-83.072311	266.85	10.103611	
1432.068	40.084094	-83.072358	266.55	10.148889	
1432.554	40.084093	-83.072382	266.59	10.142778	
1433.072	40.084092	-83.072406	266.72	10.139167	
1433.579	40.084091	-83.07243	266.47	10.140556	
1434.087	40.084088	-83.072478	266.66	10.210179	
1434.581	40.084087	-83.072502	266.83	10.220278	
1435.097	40.084076	-83.072767	267.04	10.365027	
1435.6	40.084075	-83.072791	267.0	10.374287	
1436.103	40.084073	-83.07284	267.2	10.412222	
1436.652	40.084072	-83.072865	267.26	10.455278	
1437.112	40.08407	-83.072914	267.09	10.544053	
1437.621	40.084069	-83.072939	266.97	10.493638	
1438.131	40.084069	-83.072939	266.97	10.493611	
1438.632	40.084068	-83.072964	266.77	10.535278	
1439.151	40.084056	-83.073236	266.94	10.4925	
1439.651	40.084055	-83.073261	266.98	10.495	
1440.13	40.084053	-83.07331	266.88	10.396922	
1440.642	40.084052	-83.073334	266.79	10.420072	
1441.146	40.084051	-83.073359	267.0	10.356281	
1441.695	40.084051	-83.073359	267.0	10.356389	
1442.161	40.084049	-83.073407	266.99	10.297634	
1442.681	40.084037	-83.073692	266.83	9.976621	
1443.196	40.084036	-83.073715	266.71	9.939581	
1443.702	40.084035	-83.073738	266.88	9.943697	
1444.205	40.084034	-83.073761	266.66	9.923056	
1444.718	40.084033	-83.073785	266.42	9.893056	
1445.222	40.084031	-83.073831	266.77	9.925	
1445.719	40.08403	-83.073854	266.74	9.86653	
1446.228	40.084028	-83.073878	266.73	9.925	
1446.733	40.084024	-83.074185	272.38	11.962778	
1447.278	40.084025	-83.074213	273.19	11.945833	
1447.733	40.084025	-83.074213	273.19	11.945833	
1448.246	40.084027	-83.074241	274.31	11.976667	
1448.754	40.08403	-83.074269	275.45	11.980278	
1449.258	40.084035	-83.074324	277.35	11.748611	
1449.768	40.084038	-83.074351	278.0	11.510556	
1459.117	40.083945	-83.074237	87.4	11.360833	
1459.622	40.083947	-83.074207	86.6	12.319722	
1460.121	40.083947	-83.074175	86.67	13.242778	
1460.64	40.083949	-83.074141	86.68	14.073333	
1461.144	40.08395	-83.074105	86.71	14.817029	
1461.634	40.08397	-83.07361	86.78	21.848889	
1462.157	40.083972	-83.073557	86.72	22.448611	
1462.65	40.083977	-83.073447	86.72	23.391111	
1463.15	40.083979	-83.073391	86.74	23.741944	
1463.675	40.083984	-83.073276	86.93	24.573889	
1464.154	40.083987	-83.073217	86.96	24.981111	
1464.656	40.083992	-83.073096	86.85	25.653801	
1465.157	40.083992	-83.073096	86.85	25.653611	
1465.658	40.08402	-83.072343	87.03	27.217712	
1466.182	40.084023	-83.072279	87.13	27.16884	
1466.705	40.084025	-83.072216	87.11	27.094167	
1467.175	40.084028	-83.072152	87.19	26.988333	
1467.682	40.08403	-83.07209	87.12	26.8675	
1468.182	40.084032	-83.072027	87.2	26.791389	
1468.698	40.084035	-83.071964	87.2	26.753169	
1469.2	40.084065	-83.071236	86.97	24.746944	
1469.707	40.084065	-83.071236	86.97	24.746944	
1470.196	40.084067	-83.071179	87.09	24.4125	
1470.704	40.084069	-83.071123	87.13	24.167222	
1471.23	40.084071	-83.071067	87.18	23.996111	
1471.714	40.084076	-83.070956	87.14	23.521429	
1472.222	40.084082	-83.070795	87.1	22.850079	
1472.732	40.084084	-83.070742	86.97	22.681856	
1473.225	40.084084	-83.070742	86.97	22.682222	
1473.744	40.084108	-83.070107	87.18	19.456289	
1474.229	40.08411	-83.070063	87.27	19.118333	
1474.752	40.084111	-83.070019	87.19	18.789054	
1475.251	40.084113	-83.069976	87.16	18.5575	
1475.755	40.084113	-83.069976	87.16	18.5575	
1476.267	40.084115	-83.069934	87.28	18.263056	
1476.793	40.084132	-83.069502	87.04	15.6957	
1477.252	40.084134	-83.069465	87.09	15.461111	
1477.751	40.084135	-83.06943	87.26	15.164167	
1478.251	40.084138	-83.069362	86.94	14.55672	
1478.78	40.08414	-83.069297	87.33	13.922924	
1479.282	40.08414	-83.069297	87.33	13.923056	
1479.782	40.084142	-83.069234	87.8	13.283984	
1480.294	40.08415	-83.068967	88.02	10.19989	
1480.799	40.084151	-83.068923	88.0	9.487384	
1481.313	40.084152	-83.068901	88.0	9.193637	
1481.805	40.084153	-83.068881	87.52	8.916667	
1482.3	40.084154	-83.068861	87.43	8.646944	
1482.8	40.084154	-83.068842	87.26	8.406667	
1483.309	40.084155	-83.068822	87.49	8.17195	
1483.813	40.084156	-83.068804	87.25	7.900556	
1484.318	40.084173	-83.06864	72.79	4.55	
1484.824	40.084177	-83.068632	67.53	4.36	
1485.331	40.084182	-83.068625	61.53	4.130474	
1485.823	40.084186	-83.068619	55.54	3.943333	
1486.327	40.084205	-83.068609	32.8	3.696667	
1489.341	40.08427	-83.068699	284.4	3.002298	
1489.852	40.08427	-83.068707	282.4	2.946738	
1490.412	40.08427	-83.068707	282.4	2.946667	
1490.863	40.084271	-83.068713	279.66	2.962222	
1491.362	40.08427	-83.068721	275.81	3.021667	
1491.87	40.084268	-83.068742	267.28	3.053742	
1492.362	40.084266	-83.068756	262.34	3.038333	
1492.88	40.08425	-83.068834	254.28	3.099528	
1493.391	40.084248	-83.068841	254.31	3.084722	
1493.894	40.084246	-83.068848	254.38	3.121389	
1494.39	40.084245	-83.068855	254.57	3.140278	
1494.903	40.084243	-83.068862	254.87	3.104672	
1495.401	40.084243	-83.068862	254.87	3.105	
1495.909	40.084242	-83.068869	254.89	3.106667	
1496.409	40.08423	-83.068964	263.64	3.863889	
1496.92	40.08423	-83.068974	264.4	4.127222	
1497.422	40.084229	-83.068984	264.42	4.21	
1497.922	40.084228	-83.068995	264.03	4.414448	
1498.431	40.084227	-83.069006	264.53	4.599133	
1498.947	40.084226	-83.069029	265.51	4.905742	
1499.446	40.084226	-83.069029	265.51	4.905556	
1499.955	40.08422	-83.069175	267.14	6.248889	
1500.468	40.084218	-83.069205	266.99	6.445556	
1500.965	40.084218	-83.069221	266.65	6.568427	
1501.494	40.084217	-83.069236	266.68	6.685278	
1501.989	40.084215	-83.069269	266.54	6.894722	
1502.492	40.084214	-83.069285	266.65	6.929444	
1503.013	40.084214	-83.069301	266.7	7.0525	
1503.499	40.084213	-83.069318	266.79	7.078333	
1504.027	40.084202	-83.069556	266.51	8.355092	
1504.512	40.084202	-83.069556	266.51	8.355278	
1505.011	40.0842	-83.069596	266.45	8.552124	
1505.521	40.084199	-83.069616	266.45	8.730637	
1506.044	40.084198	-83.069637	266.26	8.854167	
1506.53	40.084197	-83.069658	266.35	8.905	
1507.041	40.084195	-83.069701	266.74	9.1025	
1507.534	40.084194	-83.069722	266.84	9.194151	
1508.034	40.084183	-83.069982	266.87	11.091944	
1508.544	40.084182	-83.07001	266.6	11.502222	
1509.051	40.084181	-83.070038	266.78	11.978611	
1509.577	40.08418	-83.070068	266.53	12.398611	
1510.054	40.084176	-83.07013	266.46	13.127079	
1510.564	40.084176	-83.07013	266.46	13.127222	
1511.065	40.084174	-83.070192	266.57	13.391111	
1511.565	40.084159	-83.070543	267.2	13.565386	
1512.061	40.084158	-83.070575	267.14	13.52	
1512.574	40.084158	-83.070575	267.14	13.52	
1513.09	40.084156	-83.070607	267.16	13.489167	
1513.639	40.084155	-83.070638	267.16	13.392222	
1514.081	40.084153	-83.0707	267.26	13.166389	
1514.584	40.084152	-83.07073	267.22	13.016944	
1515.08	40.084138	-83.071055	266.67	12.459722	
1515.606	40.084134	-83.071142	266.9	12.373889	
1516.118	40.084133	-83.071171	266.99	12.299722	
1516.64	40.084131	-83.071229	266.95	12.257222	
1517.127	40.084129	-83.071257	267.12	12.231944	
1517.595	40.084128	-83.071286	266.84	12.201111	
1518.183	40.084127	-83.071315	266.88	12.176944	
1518.644	40.084125	-83.071371	266.86	12.114722	
1519.137	40.084123	-83.0714	266.96	12.107964	
1519.645	40.084122	-83.071456	267.39	12.063056	
1520.15	40.084109	-83.071798	267.09	12.265556	
1520.655	40.084106	-83.071885	267.0	12.326089	
1521.162	40.084104	-83.071914	266.86	12.328611	
1521.678	40.084102	-83.071972	266.7	12.375278	
1522.175	40.084101	-83.072001	266.76	12.365278	
1522.724	40.084098	-83.072059	266.73	12.409943	
1523.186	40.084094	-83.072146	266.72	12.416631	
1523.688	40.084092	-83.072205	266.73	12.458301	
1524.168	40.084091	-83.072234	266.85	12.4	
1524.723	40.08409	-83.072263	266.85	12.418611	
1525.242	40.084088	-83.072292	266.98	12.423333	
1525.713	40.084087	-83.072321	266.91	12.377778	
1526.219	40.084072	-83.07269	266.95	11.804442	
1526.729	40.084071	-83.072718	266.98	11.778889	
1527.221	40.084069	-83.072772	266.73	11.734992	
1527.734	40.084069	-83.072772	266.73	11.735278	
1528.24	40.084064	-83.072882	267.04	11.670687	
1528.732	40.084063	-83.072909	266.81	11.649444	
1529.25	40.084062	-83.072936	266.83	11.675278	
1529.746	40.08406	-83.072964	266.84	11.6275	
1530.257	40.084059	-83.072991	266.84	11.689167	
1530.76	40.084059	-83.072991	266.84	11.689167	
1531.294	40.084044	-83.073342	266.72	11.404204	
1531.776	40.084043	-83.073369	266.66	11.3675	
1532.287	40.084042	-83.073395	266.76	11.3325	
1532.789	40.084041	-83.073422	266.95	11.330556	
1533.303	40.08404	-83.073448	266.91	11.347778	
1533.807	40.084038	-83.073501	266.89	11.332697	
1534.308	40.084038	-83.073501	266.89	11.332778	
1534.805	40.084024	-83.073814	266.57	10.931389	
1535.312	40.084023	-83.073839	266.84	10.895	
1535.815	40.084022	-83.073864	266.89	10.830278	
1536.315	40.08402	-83.073938	267.71	10.467916	
1536.824	40.084019	-83.073963	268.22	10.438056	
1537.327	40.084018	-83.074011	268.76	10.338056	
1537.834	40.084018	-83.074035	269.17	10.2775	
1538.353	40.084018	-83.074059	269.19	10.215278	
1538.847	40.084017	-83.074107	269.79	10.085833	
1539.351	40.084035	-83.074342	280.1	8.313937	
1539.857	40.084038	-83.07436	279.76	7.997222	
1540.359	40.084038	-83.07436	279.76	7.997222	
1540.859	40.084041	-83.074395	277.68	7.397197	
1541.437	40.084041	-83.074411	275.52	7.07464	
1541.902	40.084041	-83.074441	270.24	6.409978	
1598.034	40.084194	-83.069862	266.58	3.609342	
1598.573	40.084194	-83.069862	266.58	3.609444	
1599.075	40.084193	-83.06987	267.02	3.553056	
1599.579	40.084193	-83.069887	267.09	3.512112	
1600.086	40.084193	-83.069887	267.09	3.511944	
1600.597	40.084188	-83.069962	267.27	1.878237	
1601.11	40.084188	-83.069966	267.91	1.653889	
1601.6	40.084188	-83.069972	267.95	1.341157	
1602.113	40.084187	-83.069975	267.72	1.183611	
1602.625	40.084187	-83.069977	268.08	1.059444	
1603.136	40.084187	-83.069979	268.08	0.958889	
1603.651	40.084187	-83.069981	268.08	0.821944	
1604.146	40.084187	-83.069981	268.08	0.821944	
1604.654	40.084186	-83.069988	268.08	0.007222	
1605.155	40.084186	-83.069988	268.08	0.008056	
1605.679	40.084186	-83.069988	268.08	0.0325	
1606.182	40.084186	-83.069988	268.08	0.0	
1606.676	40.084186	-83.069988	268.08	0.0	
1607.191	40.084186	-83.069988	268.08	0.0	
1607.688	40.084186	-83.069988	268.08	0.0	
1608.194	40.084187	-83.069988	268.08	0.0	
1608.711	40.084187	-83.069988	268.08	0.0	
1609.215	40.084187	-83.069988	268.08	0.0	
1609.724	40.084187	-83.069988	268.08	0.0	
1610.233	40.084187	-83.069988	268.08	0.0	
1610.725	40.084187	-83.069988	268.08	0.0	
1611.253	40.084187	-83.069988	268.08	0.0	
1611.776	40.084187	-83.069988	268.08	0.0	
1612.263	40.084187	-83.069988	268.08	0.0	
1612.77	40.084187	-83.069988	268.08	0.0	
1613.313	40.084187	-83.069988	268.08	0.0	
1613.788	40.084187	-83.069988	268.08	0.0	
1614.29	40.084187	-83.069988	268.08	0.0	
1614.801	40.084187	-83.069988	268.08	0.0	
1615.311	40.084187	-83.069988	268.08	0.0	
1615.812	40.084187	-83.069988	268.08	0.0	
1616.31	40.084187	-83.069988	268.08	0.0	
1616.813	40.084187	-83.069988	268.08	0.0	
1617.321	40.084187	-83.069988	268.08	0.0	
1617.834	40.084186	-83.069988	268.08	0.0	
1618.333	40.084186	-83.069988	268.08	0.0	
1618.833	40.084186	-83.069988	268.08	0.0	
1619.34	40.084186	-83.069988	268.08	0.0	
1619.838	40.084186	-83.069988	268.08	0.0	
1620.348	40.084186	-83.069988	268.08	0.0	
1620.86	40.084186	-83.069988	268.08	0.0	
1621.362	40.084186	-83.069988	268.08	0.0	
1621.86	40.084186	-83.069988	268.08	0.0	
1622.362	40.084186	-83.069988	268.08	0.0	
1622.864	40.084186	-83.069988	268.08	0.128611	
1623.372	40.084186	-83.069988	268.08	0.128611	
1623.886	40.084186	-83.069989	268.08	0.218889	
1624.384	40.084185	-83.070014	266.73	1.206887	
1624.882	40.084185	-83.070014	266.73	1.206944	
1625.389	40.084184	-83.070017	266.53	1.285	
1625.893	40.084184	-83.070021	267.3	1.326389	
1626.395	40.084184	-83.070024	266.32	1.357104	
1626.895	40.084184	-83.070024	266.32	1.356944	
1627.396	40.084181	-83.070066	266.77	1.705833	
1627.901	40.084181	-83.070075	267.28	1.852514	
1628.412	40.084181	-83.07008	266.72	1.903889	
1628.912	40.08418	-83.070084	266.79	1.931739	
1629.423	40.08418	-83.070084	266.79	1.931667	
1629.968	40.08418	-83.070089	267.1	1.976944	
1630.427	40.084176	-83.070151	266.61	2.728613	
1630.933	40.084176	-83.070151	266.61	2.728611	
1631.443	40.084176	-83.070165	266.81	2.921389	
1631.959	40.084176	-83.070172	266.89	2.969167	
1632.455	40.084175	-83.070187	266.47	3.241	
1632.955	40.084175	-83.070187	266.47	3.240833	
1633.454	40.084174	-83.070195	266.69	3.510556	
1633.969	40.084164	-83.070379	265.96	10.103689	
1634.465	40.084161	-83.070435	266.1	11.833611	
1634.973	40.08416	-83.070465	266.3	12.471111	
1635.492	40.084158	-83.070495	266.46	12.933333	
1635.988	40.084157	-83.070527	266.37	13.393611	
1636.486	40.084155	-83.07056	266.89	13.724444	
1636.986	40.084154	-83.070592	267.01	13.730556	
1637.501	40.084154	-83.070592	267.01	13.730556	
1638.006	40.08414	-83.071	267.41	12.735833	
1638.515	40.084139	-83.071029	267.38	12.6399	
1639.008	40.084138	-83.071059	267.26	12.522092	
1639.532	40.084138	-83.071059	267.26	12.522222	
1640.04	40.084136	-83.071116	267.1	12.2232	
1640.527	40.084134	-83.071145	266.83	12.135744	
1641.069	40.084132	-83.071201	266.73	11.959804	
1641.528	40.084119	-83.071473	266.73	11.959804	
1642.082	40.084116	-83.071526	266.73	11.476667	
1642.568	40.084115	-83.071553	266.81	11.479167	
1643.089	40.084114	-83.07158	266.73	11.502463	
1643.57	40.084112	-83.071634	267.18	11.549167	
1644.077	40.084111	-83.071661	267.15	11.568611	
1644.584	40.084109	-83.071715	267.12	11.529444	
1645.079	40.084108	-83.071743	267.29	11.546111	
1645.588	40.084096	-83.072041	266.87	11.5875	
1646.086	40.084094	-83.072095	267.04	11.604722	
1646.6	40.084091	-83.07215	267.02	11.65834	
1647.1	40.08409	-83.072177	267.07	11.677374	
1647.599	40.08409	-83.072177	267.07	11.6775	
1648.108	40.084089	-83.072205	266.89	11.676944	
1648.588	40.084087	-83.07226	266.84	11.6575	
1649.116	40.084085	-83.072314	267.07	11.632103	
1649.622	40.084072	-83.072616	267.21	11.737778	
1650.131	40.084071	-83.072643	267.24	11.759686	
1650.634	40.084071	-83.072643	267.24	11.759722	
1651.136	40.08407	-83.072671	267.35	11.686944	
1651.634	40.084068	-83.072725	267.33	11.689207	
1652.148	40.084066	-83.07278	267.23	11.632103	
1652.653	40.084065	-83.072807	267.01	11.599444	
1653.158	40.084064	-83.072834	266.99	11.634161	
1653.666	40.084051	-83.073134	266.83	11.581389	
1654.182	40.08405	-83.073161	266.94	11.525613	
1654.671	40.084049	-83.073188	266.89	11.542076	
1655.179	40.084047	-83.073242	266.95	11.475198	
1655.688	40.084045	-83.073269	267.05	11.469539	
1656.223	40.084044	-83.073296	266.97	11.387778	
1656.703	40.084043	-83.073322	266.88	11.364444	
1657.203	40.084031	-83.073605	266.64	10.655833	
1657.719	40.084028	-83.073654	266.75	10.421667	
1658.217	40.084026	-83.073702	266.89	10.3125	
1658.765	40.084025	-83.073726	266.58	10.292222	
1659.229	40.084024	-83.07375	266.63	10.229167	
1659.762	40.084023	-83.073774	266.81	10.231389	
1660.259	40.084022	-83.073798	267.04	10.200833	
1660.787	40.084021	-83.073822	267.12	10.234872	
1661.248	40.084015	-83.074113	270.6	10.500278	
1661.757	40.084016	-83.074138	271.18	10.498782	
1662.268	40.084016	-83.074162	271.62	10.423611	
1662.771	40.084018	-83.074211	272.82	10.292222	
1663.281	40.08402	-83.074258	273.55	10.088056	
1663.78	40.084022	-83.074305	274.47	9.85	
1664.279	40.084024	-83.074327	274.93	9.674167	
1664.794	40.084025	-83.07435	275.46	9.604167	
1665.287	40.084027	-83.074372	275.31	9.462177	
1665.801	40.084035	-83.07462	268.35	7.89415	
1696.351	40.084132	-83.069106	88.73	7.028333	
1696.802	40.084133	-83.069091	88.04	6.758333	
1697.31	40.084134	-83.069076	86.92	6.407222	
1697.814	40.084135	-83.069062	84.67	6.123333	
1698.324	40.084135	-83.069062	84.67	6.123333	
1698.824	40.084212	-83.069008	346.29	4.073371	
1699.327	40.084219	-83.069014	337.79	4.155	
1699.826	40.084224	-83.069021	329.55	4.085556	
1700.343	40.084228	-83.069029	322.06	4.085833	
1700.842	40.084231	-83.069037	314.37	3.976141	
1701.345	40.084231	-83.069037	314.37	3.976389	
1701.843	40.084233	-83.069046	305.76	3.845	
1702.356	40.084235	-83.069062	291.39	3.669018	
1702.858	40.084218	-83.069173	254.83	4.553333	
1703.357	40.084218	-83.069173	254.83	4.553333	
1703.854	40.084216	-83.069184	255.48	4.72	
1704.36	40.084214	-83.069195	256.93	4.859444	
1704.862	40.084211	-83.06922	259.92	5.318841	
1705.359	40.084211	-83.06922	259.92	5.318611	
1705.863	40.084201	-83.069382	266.98	6.938056	
1706.363	40.0842	-83.069399	267.03	6.993611	
1706.864	40.0842	-83.069399	267.03	6.993611	
1707.384	40.0842	-83.069415	267.25	7.1375	
1707.874	40.084199	-83.069433	267.25	7.245556	
1708.373	40.084199	-83.069433	267.25	7.245556	
1708.878	40.084189	-83.069655	266.96	8.408333	
1709.39	40.084188	-83.069675	267.2	8.480617	
1709.891	40.084188	-83.069675	267.2	8.480556	
1710.391	40.084186	-83.069716	267.2	8.768191	
1710.901	40.084186	-83.069716	267.2	8.768333	
1711.404	40.084186	-83.069737	267.06	8.873333	
1711.911	40.084176	-83.070006	267.3	9.815833	
1712.435	40.084175	-83.070029	267.11	9.860833	
1712.928	40.084174	-83.070052	267.23	9.925278	
1713.436	40.084173	-83.070075	267.09	9.908333	
1713.949	40.084173	-83.070099	267.47	10.008002	
1714.444	40.084172	-83.070123	266.94	10.017777	
1714.944	40.084171	-83.070146	266.97	10.059167	
1715.445	40.08416	-83.070411	266.7	10.237778	
1715.945	40.084159	-83.070435	266.95	10.241667	
1716.461	40.084157	-83.070459	266.93	10.248333	
1716.972	40.084157	-83.070459	266.93	10.248333	
1717.462	40.084157	-83.070483	266.88	10.206944	
1717.955	40.084156	-83.070507	267.1	10.206578	
1718.482	40.084145	-83.070793	267.34	9.966944	
1718.942	40.084144	-83.070816	266.93	9.978164	
1719.498	40.084143	-83.070839	266.97	9.937523	
1719.964	40.084143	-83.070839	266.97	9.9375	
1720.466	40.084142	-83.070863	266.76	9.907686	
1720.965	40.084142	-83.070863	266.76	9.907778	
1721.471	40.084134	-83.071137	267.68	9.614967	
1721.969	40.084133	-83.071182	267.12	9.541401	
1722.48	40.084132	-83.071204	267.42	9.557349	
1722.962	40.084131	-83.071227	267.4	9.534713	
1723.496	40.084131	-83.071227	267.4	9.534444	
1723.987	40.08413	-83.071249	267.43	9.547778	
1724.499	40.08413	-83.071271	267.24	9.465263	
1725.005	40.084119	-83.071521	267.24	9.465278	
1725.489	40.084117	-83.07157	266.84	10.305351	
1726.022	40.084116	-83.071594	266.78	10.483056	
1726.535	40.084116	-83.071594	266.78	10.483056	
1727.031	40.084115	-83.071619	266.76	10.561389	
1727.543	40.084114	-83.071644	266.8	10.673056	
1728.038	40.084113	-83.07167	266.82	10.715278	
1728.549	40.084101	-83.071986	267.21	11.508056	
1729.054	40.0841	-83.072013	267.1	11.482914	
1729.561	40.0841	-83.072013	267.1	11.482778	
1730.078	40.084098	-83.072067	267.14	11.515324	
1730.584	40.084097	-83.072094	267.16	11.473056	
1731.109	40.084094	-83.072147	266.73	11.434444	
1731.602	40.084094	-83.072147	266.73	11.434444	
1732.082	40.084081	-83.072445	266.6	11.558611	
1732.618	40.08408	-83.072472	266.84	11.5725	
1733.115	40.084079	-83.0725	267.26	11.558333	
1733.611	40.084077	-83.072554	267.13	11.529167	
1734.119	40.084077	-83.072554	267.13	11.529167	
1734.625	40.084076	-83.072581	267.07	11.512778	
1735.13	40.084065	-83.072877	267.14	11.518926	
1735.635	40.084064	-83.072905	267.31	11.556389	
1736.176	40.084063	-83.072932	267.31	11.595	
1736.693	40.084062	-83.072959	267.32	11.615556	
1737.13	40.084061	-83.072987	267.28	11.642778	
1737.663	40.084059	-83.073042	266.94	11.671201	
1738.14	40.084058	-83.073069	267.17	11.769444	
1738.694	40.084056	-83.073124	267.48	11.73242	
1739.178	40.084044	-83.073425	266.62	11.641667	
1739.708	40.084042	-83.073479	266.76	11.655768	
1740.221	40.08404	-83.073506	266.44	11.611944	
1740.704	40.084039	-83.073534	266.43	11.616111	
1741.209	40.084038	-83.073561	266.34	11.589167	
1741.714	40.084036	-83.073588	266.44	11.575278	
1742.197	40.084034	-83.073642	266.38	11.576389	
1742.726	40.084033	-83.073669	266.59	11.53796	
1743.236	40.084018	-83.073994	266.55	11.528889	
1743.757	40.084017	-83.074022	266.88	11.817303	
1744.251	40.084016	-83.07405	267.13	11.863333	
1744.749	40.084015	-83.074079	267.39	12.052404	
1745.254	40.084014	-83.074135	268.76	12.106667	
1745.749	40.084014	-83.074164	270.15	12.126999	
1746.267	40.084015	-83.074192	271.1	12.105392	
1746.767	40.084037	-83.074491	275.47	10.933488	
1747.275	40.084038	-83.074516	274.63	10.745	
1747.796	40.084039	-83.07454	273.78	10.578056	
1748.302	40.08404	-83.074588	271.15	10.065556	
1748.804	40.084039	-83.07461	269.76	9.743333	
1749.303	40.084039	-83.074632	268.86	9.356389	
1749.807	40.084037	-83.074673	267.3	8.758417	
1750.326	40.084036	-83.074692	267.04	8.479073	
1791.562	40.084225	-83.068928	264.6	3.933611	
1792.066	40.084224	-83.068937	265.18	3.924167	
1792.578	40.084223	-83.068955	265.91	3.963794	
1793.086	40.084223	-83.068955	265.91	3.963889	
1793.597	40.084223	-83.068965	266.17	4.023333	
1794.091	40.084223	-83.068965	266.17	4.023333	
1794.592	40.084217	-83.069066	266.24	3.859167	
1795.108	40.084217	-83.069075	266.64	3.848611	
1795.618	40.084216	-83.069084	266.53	3.833889	
1796.128	40.084215	-83.069092	266.84	3.77808	
1796.644	40.084215	-83.069101	266.59	3.750278	
1797.138	40.084214	-83.069119	266.63	3.716347	
1797.641	40.084213	-83.069128	266.41	3.693711	
1798.139	40.084208	-83.069231	266.98	3.605741	
1798.645	40.084207	-83.069239	266.86	3.571788	
1799.153	40.084207	-83.069239	266.86	3.571667	
1799.661	40.084207	-83.069248	266.94	3.5975	
1800.174	40.084207	-83.069256	267.04	3.571944	
1800.687	40.084206	-83.069264	266.94	3.575903	
1801.183	40.084201	-83.069356	266.11	3.569722	
1801.691	40.084201	-83.069356	266.11	3.569722	
1802.193	40.0842	-83.069373	265.86	3.571944	
1802.698	40.0842	-83.069381	265.78	3.564444	
1803.194	40.0842	-83.069389	265.84	3.553782	
1803.696	40.0842	-83.069389	265.84	3.553611	
1804.198	40.084195	-83.06948	266.82	3.493333	
1804.698	40.084195	-83.069488	266.83	3.46	
1805.202	40.084194	-83.069504	266.95	3.461697	
1805.7	40.084194	-83.069504	266.95	3.461667	
1806.203	40.084194	-83.069512	267.27	3.473889	
1806.709	40.084194	-83.06952	267.43	3.461389	
1807.204	40.08419	-83.06961	267.31	3.427229	
1807.713	40.08419	-83.069618	267.26	3.459722	
1808.223	40.084189	-83.069626	267.2	3.462222	
1808.722	40.084189	-83.069635	267.19	3.501111	
1809.234	40.084189	-83.069643	267.65	3.4825	
1809.733	40.084188	-83.069651	267.57	3.48176	
1810.255	40.084188	-83.069659	267.4	3.493611	
1810.754	40.084188	-83.069659	267.4	3.493611	
1811.254	40.084183	-83.069766	267.11	3.479188	
1811.765	40.084183	-83.069766	267.11	3.478889	
1812.256	40.084182	-83.069782	267.56	3.473529	
1812.759	40.084182	-83.069782	267.56	3.473333	
1813.296	40.084182	-83.069798	267.53	3.445	
1813.762	40.084181	-83.069806	267.41	3.445556	
1814.272	40.08418	-83.069823	267.55	3.450893	
1814.788	40.084175	-83.069921	266.24	3.470957	
1815.28	40.084175	-83.069929	266.08	3.487419	
1815.782	40.084175	-83.069937	266.34	3.476616	
1816.29	40.084175	-83.069937	266.34	3.476667	
1816.833	40.084174	-83.069945	266.14	3.495	
1817.314	40.084174	-83.069953	266.21	3.459167	
1817.799	40.084173	-83.06997	266.2	3.45398	
1818.312	40.084173	-83.06997	266.2	3.454167	
1818.81	40.084168	-83.070068	266.84	3.443611	
1819.377	40.084168	-83.070076	267.05	3.429287	
1819.822	40.084167	-83.070084	267.26	3.465812	
1820.333	40.084167	-83.070084	267.26	3.465556	
1820.833	40.084167	-83.070092	267.57	3.5075	
1821.332	40.084167	-83.070101	267.3	3.609722	
1821.867	40.084162	-83.07026	268.06	7.135556	
1822.355	40.084161	-83.070278	267.81	7.385278	
1822.855	40.08416	-83.070334	267.7	8.1875	
1823.355	40.084159	-83.070355	267.12	8.539167	
1823.854	40.084158	-83.070399	267.65	9.431111	
1824.356	40.084158	-83.070399	267.65	9.431111	
1824.866	40.084157	-83.070422	267.44	9.6875	
1825.367	40.084156	-83.070446	267.45	9.851611	
1825.872	40.084145	-83.070716	266.75	10.595556	
1826.369	40.084144	-83.070741	266.68	10.614722	
1826.894	40.084144	-83.070741	266.68	10.614722	
1827.374	40.084142	-83.070791	266.78	10.650543	
1827.873	40.084141	-83.070815	266.78	10.599099	
1828.39	40.084139	-83.07084	266.72	10.632222	
1828.894	40.084138	-83.070866	266.8	10.678323	
1829.386	40.084126	-83.071143	266.82	10.786667	
1829.903	40.084125	-83.071168	266.85	10.803056	
1830.399	40.084123	-83.071219	267.07	10.771944	
1830.909	40.084121	-83.071269	267.07	10.793044	
1831.382	40.084119	-83.07132	267.13	10.805906	
1831.956	40.084118	-83.071346	267.21	10.82	
1832.425	40.084117	-83.071371	267.21	10.854722	
1832.928	40.084115	-83.071422	267.25	10.915	
1833.433	40.084105	-83.071706	267.55	10.969499	
1833.936	40.084105	-83.071706	267.55	10.969722	
1834.456	40.084104	-83.071732	267.55	11.009722	
1834.952	40.084103	-83.071758	267.57	10.979722	
1835.448	40.084101	-83.071809	267.14	10.945556	
1835.98	40.0841	-83.071835	267.16	10.927314	
1836.446	40.084098	-83.071886	266.87	10.887188	
1836.96	40.084087	-83.072139	265.78	10.706389	
1837.476	40.084081	-83.072213	264.34	10.621734	
1837.946	40.084079	-83.072238	263.87	10.610556	
1838.481	40.084077	-83.072263	263.52	10.65	
1838.984	40.084072	-83.072312	262.98	10.550556	
1839.498	40.084072	-83.072312	262.98	10.550556	
1839.994	40.08407	-83.072336	262.98	10.4775	
1840.498	40.084067	-83.07236	262.63	10.430361	
1841.0	40.084065	-83.072385	262.64	10.381944	
1841.501	40.084046	-83.072667	267.83	9.8875	
1842.037	40.084045	-83.072713	269.15	9.860556	
1842.525	40.084045	-83.072736	269.81	9.902778	
1843.022	40.084045	-83.07276	270.41	9.955014	
1843.522	40.084046	-83.072807	271.26	9.952222	
1844.028	40.084047	-83.072854	272.03	10.063048	
1844.541	40.084048	-83.072878	272.29	10.136667	
1845.052	40.084049	-83.072902	272.72	10.134722	
1845.572	40.08405	-83.072925	272.72	10.123238	
1846.078	40.084052	-83.073203	267.8	9.5025	
1846.568	40.084051	-83.073225	267.5	9.446944	
1847.077	40.084049	-83.073269	266.69	9.364432	
1847.578	40.084049	-83.073269	266.69	9.364444	
1848.064	40.084046	-83.073333	265.58	9.180261	
1848.56	40.084044	-83.073355	265.34	9.089204	
1849.078	40.084041	-83.073397	264.9	8.985801	
1849.572	40.08404	-83.073417	264.83	8.924582	
1850.1	40.084024	-83.073636	264.91	8.270833	
1850.593	40.084023	-83.073655	265.25	8.182222	
1851.095	40.084022	-83.073674	265.52	8.139167	
1851.604	40.084021	-83.073693	265.59	8.040833	
1852.116	40.08402	-83.073712	265.73	7.992778	
1852.631	40.084019	-83.07373	266.05	7.938392	
1853.127	40.084018	-83.073749	266.31	7.891578	
1853.63	40.084016	-83.073944	272.99	7.320556	
1854.129	40.084017	-83.073961	273.75	7.320544	
1854.658	40.084018	-83.073978	274.64	7.302539	
1855.142	40.08402	-83.073995	275.32	7.289163	
1855.649	40.084021	-83.074012	275.67	7.276944	
1856.151	40.084024	-83.074046	275.62	7.216389	
1856.657	40.084026	-83.074079	275.9	7.150556	
1857.215	40.084029	-83.074112	275.76	7.040687	
1857.69	40.08403	-83.074128	275.74	7.007778	
1858.174	40.084037	-83.074332	269.25	6.44959	
1858.674	40.084037	-83.074332	269.25	6.449722	
1859.205	40.084037	-83.074347	269.18	6.461111	
1859.69	40.084036	-83.074362	269.02	6.401747	
1860.22	40.084036	-83.074392	268.67	6.301667	
1860.716	40.084036	-83.074392	268.67	6.301667	
1861.216	40.084035	-83.074434	268.39	6.00048	
1861.72	40.084035	-83.074448	268.54	5.863056	
1862.223	40.083998	-83.074564	221.03	5.090428	
1862.749	40.083998	-83.074564	221.03	5.090278	
1863.237	40.083972	-83.074568	192.1	4.865	
1863.774	40.083955	-83.074561	172.84	4.946898	
1864.257	40.083947	-83.074555	163.56	5.035556	
1864.763	40.083941	-83.074546	153.68	5.107919	
1865.276	40.083941	-83.074546	153.68	5.107778	
1865.777	40.083936	-83.074537	144.51	5.102222	
1866.292	40.083928	-83.07433	86.91	9.543611	
1866.793	40.083931	-83.074278	86.31	10.886673	
1867.279	40.083932	-83.07425	86.46	11.488611	
1867.811	40.083933	-83.074221	86.55	12.066667	
1868.293	40.083934	-83.07419	86.21	12.633611	
1868.8	40.083937	-83.074126	86.29	13.798889	
1869.328	40.083939	-83.074091	85.92	14.369167	
1869.816	40.083942	-83.074019	86.22	15.306266	
1870.324	40.08396	-83.073577	86.68	18.06163	
1870.822	40.083963	-83.073491	86.76	18.226767	
1871.325	40.083965	-83.073448	86.76	18.25	
1871.829	40.083967	-83.073406	86.83	18.294673	
1872.333	40.083967	-83.073406	86.83	18.294722	
1872.848	40.083969	-83.073363	86.88	18.318889	
1873.342	40.083971	-83.07332	86.87	18.365833	
1873.843	40.083988	-83.072801	87.5	18.281812	
1874.381	40.083989	-83.072758	87.62	18.201667	
1874.857	40.08399	-83.072716	87.77	18.184444	
1875.379	40.083993	-83.072632	87.73	17.946389	
1875.881	40.083994	-83.07259	87.89	17.870278	
1876.375	40.083995	-83.072549	87.83	17.7375	
1876.878	40.083996	-83.072508	87.75	17.568333	
1877.386	40.083999	-83.072427	87.68	17.185531	
1877.899	40.084022	-83.072159	87.68	17.185833	
1878.396	40.084037	-83.072146	49.5	4.735	
1878.916	40.084046	-83.072145	34.61	4.353333	
1879.407	40.084055	-83.072145	20.22	4.389444	
1879.92	40.084063	-83.072146	10.59	4.341397	
1880.434	40.08407	-83.07215	0.02	4.345556	
1880.934	40.084077	-83.072155	349.18	4.451667	
1881.44	40.084091	-83.072169	332.31	4.725	
1881.95	40.084097	-83.072178	324.2	4.875	
1882.473	40.084105	-83.072337	268.35	5.391378	
1882.956	40.084105	-83.072337	268.35	5.391667	
1883.475	40.084104	-83.072362	267.82	5.378056	
1883.978	40.084104	-83.072374	267.61	5.341477	
1884.472	40.084103	-83.072387	267.85	5.326043	
1884.981	40.084103	-83.072399	267.88	5.31524	
1885.495	40.084103	-83.072399	267.88	5.315278	
1885.982	40.084099	-83.072562	268.03	5.548798	
1886.49	40.084099	-83.072562	268.03	5.548889	
1887.006	40.084099	-83.072575	267.83	5.563333	
1887.512	40.084098	-83.072589	267.43	5.656667	
1888.006	40.084098	-83.072602	267.28	5.758333	
1888.511	40.084098	-83.072616	267.62	5.849167	
1889.012	40.084096	-83.072644	267.35	5.979167	
1889.524	40.084096	-83.072659	267.28	6.038889	
1890.031	40.084089	-83.072823	267.05	6.473056	
1890.542	40.084088	-83.072838	267.05	6.450556	
1891.072	40.084087	-83.072853	266.77	6.509167	
1891.514	40.084086	-83.072868	266.81	6.475827	
1892.05	40.084085	-83.072883	267.0	6.517778	
1892.538	40.084085	-83.072899	266.78	6.512778	
1893.073	40.084076	-83.073064	266.78	6.512778	
1893.579	40.084074	-83.073093	264.45	6.28754	
1894.079	40.084073	-83.073108	263.82	6.260274	
1894.587	40.084071	-83.073122	263.63	6.216111	
1895.093	40.08407	-83.073137	263.13	6.208889	
1895.6	40.084067	-83.073165	263.18	6.085878	
1896.099	40.084067	-83.073165	263.18	6.085833	
1896.602	40.084064	-83.073207	264.22	5.995278	
1897.109	40.084063	-83.073221	265.03	5.984444	
1897.616	40.084058	-83.073379	268.3	5.365556	
1898.125	40.084057	-83.073392	268.4	5.347778	
1898.63	40.084056	-83.073417	268.21	5.261944	
1899.139	40.084056	-83.073428	267.69	5.1525	
1899.679	40.084056	-83.07344	267.6	5.100833	
1900.16	40.084055	-83.073452	267.97	5.049787	
1900.658	40.084055	-83.073475	269.26	4.867159	
1901.16	40.084056	-83.073486	269.78	4.769414	
1901.669	40.084059	-83.073605	271.68	4.433611	
1902.175	40.084059	-83.073635	269.13	4.202497	
1902.683	40.084058	-83.073645	268.27	4.061539	
1903.187	40.084058	-83.073654	267.36	3.911389	
1903.717	40.084058	-83.073662	266.92	3.803611	
1904.197	40.084057	-83.073671	266.88	3.669722	
1904.712	40.084057	-83.073679	266.65	3.528889	
