242.841	40.395456	-83.074011	175.83	2.326944	
243.328	40.395449	-83.07401	175.83	2.326944	
243.859	40.395435	-83.074009	175.22	2.587222	
244.331	40.395418	-83.074006	174.25	3.573056	
244.839	40.395394	-83.073998	165.73	4.774559	
245.306	40.395377	-83.073985	151.96	5.600242	
245.804	40.395351	-83.073954	136.02	6.560196	
246.308	40.395351	-83.073954	136.02	6.560278	
246.812	40.39533	-83.073872	101.63	7.6225	
247.331	40.39533	-83.073872	101.63	7.6225	
247.838	40.395333	-83.07382	84.01	7.309444	
248.32	40.395357	-83.073754	58.88	7.925531	
248.828	40.395378	-83.073725	45.38	8.407778	
249.378	40.395421	-83.07369	27.72	9.581528	
249.842	40.395456	-83.073674	19.0	10.421101	
250.322	40.395495	-83.073663	12.85	11.103333	
250.83	40.395558	-83.073654	6.19	11.923333	
251.318	40.395623	-83.073651	2.62	12.090473	
251.824	40.395668	-83.073649	1.48	12.325574	
252.372	40.395715	-83.073648	0.38	13.103414	
252.805	40.395766	-83.073648	359.39	13.966944	
253.342	40.395848	-83.073649	358.58	15.434362	
253.846	40.395907	-83.073651	358.44	16.442222	
254.34	40.396003	-83.073654	358.2	17.892378	
254.848	40.39607	-83.073655	358.61	18.734444	
255.324	40.396172	-83.073658	358.89	18.873611	
255.795	40.396278	-83.07366	358.91	19.718333	
256.322	40.396389	-83.073662	358.95	20.67295	
256.812	40.396465	-83.073664	358.66	21.313889	
257.305	40.396505	-83.073666	358.38	21.644221	
257.831	40.396709	-83.073675	357.78	22.59	
258.336	40.396752	-83.073677	357.51	23.51114	
258.831	40.396839	-83.073682	357.47	24.1675	
259.323	40.397015	-83.073692	357.42	24.365632	
259.815	40.397103	-83.073697	357.5	24.515556	
260.311	40.397237	-83.073704	357.56	25.014861	
260.84	40.397375	-83.073711	357.8	25.512222	
261.314	40.397421	-83.073713	358.06	25.665633	
261.806	40.397609	-83.07372	358.35	26.144722	
262.355	40.397609	-83.07372	358.35	26.144722	
262.805	40.397842	-83.073727	358.76	25.697529	
263.318	40.397934	-83.07373	358.79	25.588981	
263.811	40.398072	-83.073733	358.91	25.473056	
264.322	40.398117	-83.073734	358.92	25.415099	
264.794	40.398255	-83.073737	358.94	25.393889	
265.312	40.398392	-83.07374	359.04	25.461913	
265.819	40.39853	-83.073743	359.08	25.50667	
266.302	40.398576	-83.073744	359.12	25.52519	
266.806	40.398714	-83.073747	359.13	25.528791	
267.341	40.398806	-83.073749	359.14	25.579207	
267.846	40.39899	-83.073753	358.93	25.535479	
268.328	40.399083	-83.073755	358.88	25.602871	
268.843	40.399221	-83.073759	358.93	25.6125	
269.359	40.399221	-83.073759	358.93	25.6125	
269.809	40.399452	-83.073763	359.38	25.59927	
270.348	40.399452	-83.073763	359.38	25.599167	
270.826	40.39959	-83.073765	359.45	25.606944	
271.358	40.399728	-83.073766	359.47	25.636111	
271.833	40.399867	-83.073768	359.73	25.603333	
272.364	40.400005	-83.073768	359.73	25.612131	
272.817	40.400097	-83.073769	359.72	25.568918	
273.317	40.40019	-83.07377	359.61	25.607778	
273.842	40.400374	-83.073772	359.59	25.565317	
274.327	40.40042	-83.073772	359.61	25.560172	
274.807	40.400604	-83.073774	359.43	25.579207	
275.307	40.400604	-83.073774	359.43	25.579444	
275.842	40.400788	-83.073777	359.36	25.563773	
276.325	40.40088	-83.073778	359.43	25.540833	
276.797	40.401018	-83.07378	359.33	25.508213	
277.334	40.40111	-83.073781	359.52	25.5	
277.86	40.401248	-83.073782	359.61	25.584866	
278.315	40.40134	-83.073783	359.62	25.551667	
278.838	40.401478	-83.073784	359.55	25.525833	
279.303	40.401478	-83.073784	359.55	25.525833	
280.342	40.401845	-83.07379	359.55	25.525833	
280.833	40.401983	-83.073793	358.83	25.477222	
281.321	40.402029	-83.073794	358.91	25.522778	
281.842	40.402168	-83.073796	359.08	25.550398	
282.319	40.40226	-83.073797	359.24	25.572222	
282.82	40.402398	-83.073799	359.33	25.627564	
283.332	40.402491	-83.073801	359.14	25.632194	
283.829	40.402629	-83.073803	359.28	25.604444	
284.331	40.402722	-83.073805	359.35	25.605278	
284.797	40.402906	-83.073807	359.39	25.603333	
285.345	40.402998	-83.073809	359.48	25.58075	
285.811	40.403137	-83.07381	359.67	25.59927	
286.333	40.403183	-83.07381	359.61	25.594126	
286.811	40.403321	-83.073812	359.54	25.585278	
287.364	40.403459	-83.073814	359.38	25.555028	
287.804	40.403597	-83.073816	359.35	25.541667	
288.388	40.403643	-83.073817	359.3	25.537222	
288.873	40.403781	-83.073818	359.44	25.539722	
289.319	40.403919	-83.07382	359.41	25.575091	
289.931	40.40401	-83.073821	359.43	25.535993	
290.353	40.404103	-83.073822	359.45	25.5576	
290.829	40.404287	-83.073824	359.56	25.567889	
291.344	40.404287	-83.073824	359.56	25.567778	
291.832	40.404517	-83.073827	359.5	25.606389	
292.322	40.404564	-83.073828	359.34	25.609044	
292.817	40.404702	-83.07383	359.36	25.610833	
293.315	40.40484	-83.073832	359.39	25.553999	
293.834	40.404932	-83.073833	359.38	25.575606	
294.341	40.405024	-83.073834	359.39	25.564288	
294.797	40.405208	-83.073836	359.5	25.549883	
295.326	40.405208	-83.073836	359.5	25.55	
295.801	40.405439	-83.073839	359.39	25.540109	
296.342	40.405485	-83.07384	359.45	25.58075	
296.806	40.405577	-83.073841	359.45	25.588056	
297.358	40.405715	-83.073843	359.43	25.59	
297.814	40.405853	-83.073844	359.58	25.561201	
298.421	40.405946	-83.073845	359.66	25.59001	
298.875	40.40613	-83.073847	359.7	25.576667	
299.337	40.406176	-83.073847	359.59	25.59	
299.838	40.406315	-83.073848	359.48	25.616111	
300.313	40.406407	-83.07385	359.41	25.600813	
300.838	40.406499	-83.073851	359.48	25.628889	
301.363	40.406638	-83.073852	359.54	25.618889	
301.834	40.406776	-83.073854	359.47	25.612778	
302.349	40.406914	-83.073856	359.52	25.605443	
302.865	40.407053	-83.073857	359.45	25.588981	
303.322	40.407099	-83.073858	359.47	25.599722	
303.805	40.407237	-83.073859	359.63	25.601111	
304.323	40.407376	-83.07386	359.65	25.619333	
304.81	40.407468	-83.073861	359.7	25.593097	
305.329	40.40756	-83.073862	359.65	25.596111	
305.801	40.407699	-83.073862	359.72	25.577778	
306.329	40.407837	-83.073863	359.69	25.605833	
306.795	40.407976	-83.073864	359.69	25.553484	
307.339	40.407976	-83.073864	359.69	25.553611	
307.83	40.408206	-83.073865	359.71	25.565831	
308.359	40.408206	-83.073865	359.71	25.566111	
308.823	40.408391	-83.073867	359.6	25.62705	
309.318	40.408529	-83.073868	359.63	25.609044	
309.85	40.408667	-83.073869	359.69	25.573033	
310.329	40.40876	-83.07387	359.68	25.604444	
310.867	40.408898	-83.073871	359.62	25.588467	
311.319	40.40899	-83.073872	359.6	25.575091	
311.879	40.409128	-83.073873	359.49	25.595669	
312.366	40.40922	-83.073874	359.46	25.581779	
312.885	40.409359	-83.073876	359.38	25.586923	
313.308	40.409451	-83.073877	359.43	25.545253	
313.826	40.409543	-83.073878	359.39	25.553056	
314.322	40.409681	-83.073881	359.38	25.526733	
314.822	40.409819	-83.073883	359.3	25.519531	
315.305	40.409865	-83.073883	359.32	25.531111	
315.809	40.410003	-83.073885	359.48	25.516444	
316.313	40.410141	-83.073887	359.55	25.520046	
316.827	40.410278	-83.073888	359.46	25.503611	
317.311	40.41037	-83.07389	359.46	25.503611	
317.811	40.410416	-83.07389	359.47	25.566389	
318.442	40.410554	-83.073892	359.35	25.510278	
318.829	40.410692	-83.073894	359.3	25.5325	
319.325	40.410784	-83.073896	359.3	25.551944	
319.894	40.410922	-83.073898	359.33	25.551427	
320.335	40.411015	-83.073899	359.43	25.597727	
320.889	40.411199	-83.073902	359.45	25.603386	
321.33	40.411245	-83.073902	359.54	25.553999	
321.812	40.411383	-83.073903	359.54	25.531944	
322.348	40.411521	-83.073905	359.5	25.372914	
322.827	40.411611	-83.073906	359.18	25.082768	
323.317	40.4117	-83.073909	358.76	24.753523	
323.818	40.411787	-83.073913	358.17	24.245833	
324.34	40.411914	-83.07392	357.53	23.303819	
324.826	40.411995	-83.073925	357.3	22.560833	
325.324	40.412112	-83.073933	357.3	21.266619	
325.829	40.412185	-83.073937	357.41	20.443056	
326.329	40.412289	-83.073943	357.85	18.9375	
326.812	40.412383	-83.073947	358.48	17.308998	
327.3	40.412469	-83.07395	358.93	15.619562	
327.836	40.412545	-83.073952	359.08	13.599444	
328.314	40.412587	-83.073953	359.08	13.599444	
328.837	40.412606	-83.073953	359.26	10.870556	
329.358	40.412652	-83.073955	359.3	8.012222	
329.87	40.412685	-83.073956	358.63	5.920556	
330.351	40.412716	-83.073958	358.17	5.784413	
330.85	40.412747	-83.07396	357.27	5.850777	
331.347	40.412747	-83.07396	357.27	5.850833	
331.837	40.412787	-83.073969	347.91	5.383056	
332.306	40.412809	-83.073986	331.91	4.747293	
332.828	40.412824	-83.074005	317.49	3.60214	
333.406	40.412827	-83.074011	313.5	3.049444	
333.833	40.412833	-83.074023	305.7	1.608889	
334.345	40.412835	-83.074027	303.39	0.83	