869.337	40.395418	-83.074004	165.26	4.626913	
869.836	40.395382	-83.07398	149.16	6.006653	
870.335	40.395365	-83.073959	139.04	6.544248	
870.828	40.395343	-83.073917	122.72	7.391538	
871.348	40.395337	-83.073901	117.64	7.374561	
871.854	40.39533	-83.073868	106.6	7.266389	
872.358	40.395327	-83.073818	93.11	7.0275	
872.932	40.39534	-83.073752	93.11	7.0275	
873.958	40.395346	-83.073735	65.49	7.540212	
873.964	40.395364	-83.073706	52.43	7.88	
874.342	40.3954	-83.073672	31.71	8.525556	
874.84	40.395448	-83.073652	14.43	9.491389	
875.35	40.395504	-83.073645	3.11	10.6475	
875.842	40.395524	-83.073645	0.6	11.064444	
876.317	40.395589	-83.073645	359.37	12.253056	
876.808	40.395664	-83.073647	358.57	14.004207	
877.308	40.395744	-83.07365	359.11	14.926091	
877.816	40.395744	-83.07365	359.11	14.926111	
878.31	0.0	0.0	359.11	0.0	
878.819	40.395944	-83.073654	358.83	16.386944	
879.314	40.396041	-83.073657	358.66	17.660363	
879.821	40.396108	-83.073659	359.03	18.337372	
880.319	40.396176	-83.073661	359.17	19.0375	
880.81	40.396284	-83.073663	359.01	20.003143	
881.358	40.396358	-83.073665	359.16	20.701111	
881.838	40.39647	-83.073667	359.24	20.865556	
882.331	40.396583	-83.07367	358.93	21.076274	
882.82	40.39666	-83.073672	358.83	21.475483	
883.341	40.39674	-83.073675	358.86	21.930556	
883.838	40.39682	-83.073677	358.91	22.3625	
884.338	40.396944	-83.07368	359.09	23.066944	
884.819	40.397114	-83.073683	359.11	23.902222	
885.326	40.397114	-83.073683	359.11	23.902222	
885.829	40.397289	-83.073686	359.14	24.293056	
886.337	40.397419	-83.073689	359.14	24.265316	
886.817	40.397551	-83.073691	359.21	24.655779	
887.333	40.397641	-83.073694	359.0	24.874932	
887.838	40.397776	-83.073697	358.95	25.188743	
888.321	40.397821	-83.073698	358.95	25.29369	
888.815	40.397959	-83.073701	358.95	25.591111	
889.33	40.398098	-83.073704	359.04	25.924913	
889.811	40.398192	-83.073705	359.1	26.141944	
890.313	40.398334	-83.073709	359.08	26.437814	
890.829	40.398476	-83.073711	359.26	26.345729	
891.354	40.398523	-83.073712	359.36	26.322778	
891.816	40.398618	-83.073714	359.24	26.278611	
892.329	40.398759	-83.073716	359.29	26.15487	
892.816	40.398945	-83.073718	359.56	25.954444	
893.327	40.399039	-83.07372	359.56	25.885301	
893.841	40.399131	-83.073721	359.49	25.866944	
894.316	40.39927	-83.073723	359.39	25.6975	
894.811	40.399408	-83.073726	359.51	25.563259	
895.329	40.399408	-83.073726	359.51	25.563056	
895.807	40.399546	-83.073728	359.57	25.4925	
896.325	40.399683	-83.07373	359.52	25.4325	
896.825	40.39982	-83.073731	359.59	25.416667	
897.331	40.399957	-83.073733	359.57	25.463971	
897.811	40.400049	-83.073733	359.53	25.505556	
898.337	40.400187	-83.073735	359.48	25.491237	
898.817	40.400324	-83.073736	359.56	25.491751	
899.323	40.40037	-83.073737	359.56	25.491751	
899.812	40.400508	-83.073738	359.49	25.495833	
900.331	40.400646	-83.07374	359.47	25.520046	
900.817	40.400738	-83.073741	359.51	25.534722	
901.356	40.400829	-83.073742	359.42	25.502554	
901.815	40.401013	-83.073744	359.49	25.558889	
902.319	40.401059	-83.073745	359.48	25.517473	
902.821	40.401151	-83.073746	359.49	25.555	
903.343	40.401289	-83.073748	359.55	25.532778	
903.807	40.401381	-83.073749	359.42	25.553333	
904.346	40.401519	-83.073751	359.47	25.571389	
904.821	40.401657	-83.073753	359.43	25.52056	
905.323	40.40175	-83.073754	359.41	25.527762	
905.815	40.401934	-83.073758	359.28	25.575606	
906.315	40.401934	-83.073758	359.28	25.575833	
906.84	40.402164	-83.073762	359.3	25.556667	
907.326	40.40221	-83.073762	359.37	25.595278	
907.834	40.402349	-83.073765	359.42	25.610588	
908.839	40.402487	-83.073767	359.4	25.583837	
908.893	40.402625	-83.073769	359.42	25.57612	
909.323	40.402717	-83.07377	359.52	25.578178	
909.818	40.402855	-83.073771	359.59	25.608889	
910.354	40.402855	-83.073771	359.59	25.608889	
910.833	40.402994	-83.073772	359.62	25.533889	
911.311	40.403132	-83.073774	359.55	25.525	
911.829	40.403315	-83.073777	359.5	25.560172	
912.329	40.403361	-83.073777	359.58	25.559658	
912.837	40.403545	-83.073779	359.45	25.49741	
913.316	40.403636	-83.073779	359.45	25.497222	
913.817	40.403682	-83.07378	359.47	25.517222	
914.63	40.40382	-83.073781	359.45	25.517778	
914.824	40.403957	-83.073783	359.35	25.455556	
915.314	40.404094	-83.073784	359.38	25.479404	
915.809	40.404186	-83.073786	359.37	25.490833	
916.347	40.404232	-83.073786	359.41	25.5025	
916.853	40.404462	-83.07379	359.36	25.509242	
917.316	40.404554	-83.073792	359.25	25.559658	
917.813	40.404691	-83.073794	359.19	25.557778	
918.335	40.404691	-83.073794	359.19	25.557778	
918.807	40.404921	-83.073797	359.42	25.492266	
919.359	40.405013	-83.073798	359.6	25.546282	
919.833	40.405151	-83.0738	359.51	25.521074	
920.32	40.405243	-83.073801	359.49	25.541652	
920.823	40.405381	-83.073803	359.67	25.550398	
921.328	40.405473	-83.073803	359.67	25.550278	
921.831	40.405519	-83.073804	359.66	25.553056	
922.337	40.405657	-83.073805	359.49	25.521111	
922.822	40.405795	-83.073807	358.8	25.57612	
923.328	40.405887	-83.073811	358.21	25.569432	
923.832	40.405979	-83.073815	357.76	25.578611	
924.315	40.406116	-83.073823	357.14	25.609559	
924.82	40.4063	-83.073836	356.77	25.616761	
925.318	40.406392	-83.073842	356.83	25.574577	
925.804	40.40653	-83.073851	357.5	25.58538	
926.336	40.406576	-83.073853	357.77	25.59927	
926.843	40.406668	-83.073857	358.33	25.584167	
927.307	40.406807	-83.073861	359.03	25.566944	
927.809	40.406899	-83.073862	359.56	25.551944	
928.331	40.407037	-83.073864	359.7	25.596183	
928.807	40.407222	-83.073866	359.58	25.560172	
929.332	40.407315	-83.073868	359.53	25.559658	
929.814	40.407453	-83.07387	359.56	25.532392	
930.315	40.407545	-83.073871	359.54	25.54371	
930.823	40.407637	-83.073872	359.58	25.561716	
931.363	40.407729	-83.073873	359.46	25.545	
931.81	40.407867	-83.073875	359.35	25.559143	
932.336	40.407959	-83.073876	359.33	25.573548	
932.854	40.408144	-83.073879	359.3	25.591039	
933.314	40.408236	-83.07388	359.3	25.579167	
933.831	40.408375	-83.073883	359.38	25.572004	
934.311	40.408375	-83.073883	359.38	25.572222	
934.844	40.408605	-83.073886	359.46	25.538566	
935.319	40.408698	-83.073887	359.47	25.563259	
935.839	40.40879	-83.073888	359.56	25.571667	
936.322	40.408836	-83.073888	359.55	25.545768	
936.842	40.409021	-83.07389	359.56	25.559143	
937.33	40.409113	-83.073892	359.57	25.540833	
938.251	40.409251	-83.073893	359.63	25.560172	
938.76	40.409343	-83.073893	359.7	25.537778	
938.825	40.409481	-83.073895	359.59	25.562744	
939.34	40.409573	-83.073895	359.6	25.528791	
939.814	40.409757	-83.073897	359.57	25.534964	
940.342	40.409803	-83.073898	359.6	25.546282	
940.812	40.409895	-83.073898	359.67	25.535833	
941.561	0.0	0.0	359.67	0.0	
941.831	0.0	0.0	359.67	0.0	
942.337	40.410262	-83.073902	359.65	25.505556	
942.805	40.410354	-83.073903	359.57	25.538889	
943.32	40.410492	-83.073905	359.55	25.528889	
943.828	40.41063	-83.073907	359.5	25.54834	
944.335	40.410722	-83.073908	359.43	25.530849	
944.824	40.410905	-83.073911	359.45	25.501389	
945.321	40.410951	-83.073912	359.51	25.475556	
945.814	40.411043	-83.073913	359.51	25.475556	
946.336	40.411226	-83.073916	359.48	25.513358	
946.808	40.411318	-83.073917	359.39	25.510271	
947.336	40.41141	-83.073919	359.26	25.479444	
947.815	40.411546	-83.073923	358.66	25.034167	
948.322	40.411678	-83.073928	357.93	24.356887	
948.825	40.411763	-83.073933	357.37	23.744722	
949.315	40.411805	-83.073936	357.07	23.490556	
949.811	40.411968	-83.07395	356.38	22.368559	
950.314	40.412044	-83.073957	356.59	21.357161	
950.833	40.412117	-83.073962	356.98	20.302222	
951.384	40.41222	-83.073968	358.03	18.736111	
951.809	40.412342	-83.073972	358.55	17.607778	
952.347	40.41237	-83.073973	359.45	15.913824	
952.879	40.412471	-83.073975	359.65	13.330833	
953.338	40.412494	-83.073975	359.72	12.81121	
953.812	40.412534	-83.073976	359.69	11.248889	
954.307	40.412599	-83.073977	0.09	8.4875	
954.805	40.412635	-83.073978	359.83	6.208316	
955.35	40.41265	-83.073978	0.39	4.511678	
955.806	40.412667	-83.073978	0.75	3.10673	
956.335	40.412678	-83.073978	0.75	3.106944	
956.832	40.412698	-83.073978	358.86	3.832097	
957.334	40.412715	-83.073979	358.8	4.57444	
957.844	40.412743	-83.07398	358.18	5.36617	
958.337	40.412753	-83.073981	357.54	5.500954	
958.834	40.412789	-83.073989	348.71	4.919632	
959.317	40.412789	-83.073989	348.71	4.92	
959.837	40.412808	-83.074003	334.18	3.834444	
960.34	40.41282	-83.074018	318.22	3.01876	